-1                  -10.6388853218858   -10.1800432417355   
-0.998              -10.7167103448912   -10.2688659079099   
-0.996              -10.7937529697233   -10.3567932281147   
-0.994              -10.8699945647365   -10.4438048704258   
-0.992              -10.9454164758246   -10.5298805273873   
-0.99               -11.0200000299069   -10.6149999199559   
-0.988              -11.0937265384503   -10.6991428014634   
-0.986              -11.1665773010273   -10.7822889615978   
-0.984              -11.2385336089093   -10.8644182304035   
-0.982              -11.3095767486944   -10.9455104822967   
-0.98               -11.3796880059694   -11.0255456400987   
-0.978              -11.4488486690056   -11.1045036790838   
-0.976              -11.5170400324872   -11.1823646310423   
-0.974              -11.5842434012724   -11.2591085883579   
-0.972              -11.6504400941867   -11.3347157080979   
-0.97               -11.7156114478462   -11.4091662161163   
-0.968              -11.7797388205132   -11.4824404111679   
-0.966              -11.8428035959805   -11.5545186690345   
-0.964              -11.9047871874853   -11.6253814466599   
-0.962              -11.9656710416523   -11.6950092862954   
-0.96               -12.0254366424638   -11.7633828196529   
-0.958              -12.084065515258    -11.8304827720661   
-0.956              -12.1415392307531   -11.8962899666582   
-0.954              -12.1978394090979   -11.9607853285165   
-0.952              -12.252947723947    -12.0239498888705   
-0.95               -12.3068459065605   -12.0857647892764   
-0.948              -12.3595157499275   -12.146211285803    
-0.946              -12.4109391129117   -12.2052707532218   
-0.944              -12.4610979244202   -12.2629246891977   
-0.942              -12.5099741875924   -12.3191547184815   
-0.94               -12.5575499840097   -12.3739425971016   
-0.938              -12.603807477925    -12.4272702165553   
-0.936              -12.6487289205103   -12.4791196079979   
-0.934              -12.6922966541229   -12.5294729464296   
-0.932              -12.7344931165881   -12.5783125548785   
-0.93               -12.775300845498    -12.6256209085792   
-0.928              -12.8147024825257   -12.6713806391458   
-0.926              -12.8526807777535   -12.7155745387395   
-0.924              -12.8892185940151   -12.7581855642275   
-0.922              -12.9242989112494   -12.7991968413353   
-0.92               -12.9579048308663   -12.8385916687889   
-0.918              -12.990019580123    -12.8763535224476   
-0.916              -13.0206265165099   -12.9124660594259   
-0.914              -13.0497091321447   -12.9469131222032   
-0.912              -13.0772510581745   -12.9796787427212   
-0.91               -13.1032360691844   -13.0107471464672   
-0.908              -13.1276480876116   -13.0401027565435   
-0.906              -13.1504711881639   -13.0677301977205   
-0.904              -13.1716896022423   -13.0936143004734   
-0.902              -13.1912877223648   -13.1177401050023   
-0.9                -13.2092501065935   -13.1400928652328   
-0.898              -13.2255614829599   -13.1606580527981   
-0.896              -13.2402067538911   -13.1794213610002   
-0.894              -13.2531710006337   -13.1963687087511   
-0.892              -13.2644394876739   -13.2114862444901   
-0.89               -13.2739976671549   -13.2247603500794   
-0.888              -13.2818311832884   -13.2361776446752   
-0.886              -13.2879258767598   -13.2457249885741   
-0.884              -13.292267789126    -13.2533894870326   
-0.882              -13.2948431672051   -13.2591584940613   
-0.88               -13.2956384674557   -13.2630196161896   
-0.878              -13.2946403603457   -13.2649607162034   
-0.876              -13.2918357347093   -13.2649699168513   
-0.874              -13.28721170209     -13.263035604522    
-0.872              -13.2807556010701   -13.2591464328881   
-0.87               -13.2724550015842   -13.2532913265196   
-0.868              -13.2622977092156   -13.2454594844621   
-0.866              -13.2502717694755   -13.2356403837815   
-0.864              -13.2363654720624   -13.2238237830735   
-0.862              -13.2205673551011   -13.2099997259365   
-0.86               -13.2028662093608   -13.1941585444077   
-0.858              -13.1832510824493   -13.1762908623604   
-0.856              -13.1617112829838   -13.1563875988634   
-0.854              -13.1382363847368   -13.1344399714997   
-0.852              -13.1128162307541   -13.1104394996447   
-0.85               -13.0854409374469   -13.0843780077026   
-0.848              -13.0561008986529   -13.0562476283001   
-0.846              -13.0247867896689   -13.0260408054372   
-0.844              -12.991489571251    -12.9937502975924   
-0.842              -12.9562004935817   -12.959369180784    
-0.84               -12.9189111002041   -12.9228908515843   
-0.838              -12.8796132319199   -12.884309030087    
-0.836              -12.8382990306515   -12.8436177628271   
-0.834              -12.7949609432655   -12.8008114256514   
-0.832              -12.7495917253585   -12.7558847265399   
-0.83               -12.7021844450011   -12.7088327083763   
-0.828              -12.6527324864415   -12.659650751668    
-0.826              -12.6012295537661   -12.6083345772126   
-0.824              -12.5476696745153   -12.5548802487131   
-0.822              -12.492047203255    -12.4992841753379   
-0.82               -12.4343568251011   -12.441543114227    
-0.818              -12.3745935591959   -12.3816541729424   
-0.816              -12.312752762136    -12.3196148118628   
-0.814              -12.2488301313498   -12.2554228465209   
-0.812              -12.182821708423    -12.1890764498827   
-0.81               -12.1147238823718   -12.1205741545693   
-0.808              -12.0445333928621   -12.049914855018    
-0.806              -11.9722473333732   -11.9770978095846   
-0.804              -11.897863154305    -11.9021226425845   
-0.802              -11.8213786660283   -11.8249893462715   
-0.8                -11.742792041875    -11.7456982827558   
-0.798              -11.6621018210693   -11.6642501858583   
-0.796              -11.5793069115969   -11.5806461629005   
-0.794              -11.494406593012    -11.4948876964318   
-0.792              -11.4074005191812   -11.4069766458902   
-0.79               -11.3182887209612   -11.3169152491983   
-0.788              -11.2270716088119   -11.2247061242921   
-0.786              -11.1337499753417   -11.1303522705839   
-0.784              -11.0383249977844   -11.0338570703565   
-0.782              -10.9407982404072   -10.93522429009     
-0.78               -10.8411716568474   -10.8344580817188   
-0.778              -10.7394475923781   -10.7315629838205   
-0.776              -10.6356287861007   -10.6265439227333   
-0.774              -10.5297183730637   -10.5194062136037   
-0.772              -10.4217198863066   -10.4101555613628   
-0.77               -10.3116372588276   -10.298798061631    
-0.768              -10.199474825474    -10.1853402015499   
-0.766              -10.0852373247553   -10.0697888605423   
-0.764              -9.96892990057626   -9.95215131099787   
-0.762              -9.85055810389034   -9.83243521888631   
-0.76               -9.73012789427154   -9.71064864429498   
-0.758              -9.60764564140453   -9.58680004189273   
-0.756              -9.48311812649139   -9.46089826131805   
-0.754              -9.35655254357432   -9.33295254749184   
-0.752              -9.22795650077341   -9.20297254085413   
-0.75               -9.09733802143845   -9.07096827752426   
-0.748              -8.96470554521382   -8.93695018938436   
-0.746              -8.83006792901587   -8.80092910408555   
-0.744              -8.69343444792149   -8.66291624497658   
-0.742              -8.55481479596747   -8.52292323095464   
-0.74               -8.41421908685944   -8.38096207623777   
-0.738              -8.27165785458985   -8.23704519005887   
-0.736              -8.12714205396405   -8.09118537628083   
-0.734              -7.98068306103385   -7.94339583293241   
-0.732              -7.83229267343756   -7.79369015166486   
-0.73               -7.68198311064608   -7.6420823171288    
-0.728              -7.52976701411418   -7.48858670627124   
-0.726              -7.3756574473362    -7.33321808755256   
-0.724              -7.21966789580581   -7.17599162008304   
-0.722              -7.06181226687881   -7.01692285267902   
-0.72               -6.90210488953867   -6.85602772283841   
-0.718              -6.74056051406404   -6.69332255563531   
-0.716              -6.57719431159781   -6.5288240625338    
-0.714              -6.41202187361693   -6.36254934012057   
-0.712              -6.24505921130281   -6.1945158687565    
-0.71               -6.07632275481155   -6.02474151114697   
-0.708              -5.90582935244361   -5.85324451083087   
-0.706              -5.73359626971249   -5.68004349058822   
-0.704              -5.55964118831206   -5.50515745076664   
-0.702              -5.38398220498205   -5.3286057675261    
-0.7                -5.20663783027135   -5.15040819100263   
-0.698              -5.02762698719888   -4.97058484339052   
-0.696              -4.84696900981166   -4.78915621694322   
-0.694              -4.66468364163976   -4.60614317189314   
-0.692              -4.48079103404798   -4.42156693429009   
-0.69               -4.29531174448395   -4.23544909375882   
-0.688              -4.10826673462246   -4.04781160117566   
-0.686              -3.91967736840596   -3.85867676626413   
-0.684              -3.72956540998098   -3.66806725511015   
-0.682              -3.53795302153033   -3.47600608759665   
-0.68               -3.34486276100124   -3.28251663475788   
-0.678              -3.15031757972903   -3.08762261605375   
-0.676              -2.95434081995667   -2.89134809656415   
-0.674              -2.75695621224994   -2.69371748410379   
-0.672              -2.55818787280843   -2.49475552625773   
-0.67               -2.35806030067234   -2.29448730733769   
-0.668              -2.15659837482528   -2.09293824525976   
-0.666              -1.95382735119308   -1.89013408834362   
-0.664              -1.74977285953898   -1.68610091203359   
-0.662              -1.54446090025513   -1.48086511554215   
-0.66               -1.33791784105089   -1.27445341841577   
-0.658              -1.13017041353804   -1.06689285702406   
-0.656              -0.921245709713273  -0.858210780972277  
-0.654              -0.711171178338127  -0.648434849437536  
-0.652              -0.499974621217093  -0.437593027429681  
-0.65               -0.287684189373828  -0.225713581976591  
-0.648              -0.0743283791262265 -0.0128250782350044 
-0.646              0.140063971939297   0.201043624472981   
-0.644              0.355463689093895   0.415863376697061   
-0.642              0.571841264692064   0.631604742969078   
-0.64               0.789166862496731   0.848238005985854   
-0.638              1.00741032210291    1.06573317086425    
-0.636              1.22654116345945    1.28405996946738    
-0.634              1.44652859148805    1.50318786480189    
-0.632              1.66734150079909    1.72308605548517    
-0.63               1.88894848050329    1.94372348028232    
-0.628              2.1113178191187     2.16506882271176    
-0.626              2.33441750957202    2.3870905157192     
-0.624              2.55821525429361    2.60975674641885    
-0.622              2.78267847040526    2.83303546090171    
-0.62               3.0077742949998     3.05689436910948    
-0.618              3.23346959051175    3.28130094977405    
-0.616              3.45973095017799    3.50622245542127    
-0.614              3.68652470358742    3.73162591743853    
-0.612              3.91381692231878    3.95747815120513    
-0.61               4.1415734256654     4.1837457612848     
-0.608              4.36975978644592    4.41039514667934    
-0.606              4.59834133689982    4.63739250614278    
-0.604              4.82728317466672    4.86470384355483    
-0.602              5.05655016884812    5.09229497335315    
-0.6                5.28610696615058    5.32013152602316    
-0.598              5.51591799710893    5.54817895364465    
-0.596              5.74594748238842    5.77640253549428    
-0.594              5.97615943916439    6.00476738370298    
-0.592              6.20651768757822    6.23323844896712    
-0.59               6.43698585726824    6.46178052631288    
-0.588              6.66752739397404    6.69035826091222    
-0.586              6.8981055662131     6.91893615395006    
-0.584              7.12868347202801    7.1474785685412     
-0.582              7.35922404580291    7.37594973569608    
-0.58               7.58969006514783    7.60431376033442    
-0.578              7.82004415784912    7.83253462734553    
-0.576              8.05024880888466    8.06057620769417    
-0.574              8.28026636750217    8.28840226457109    
-0.572              8.5100590543591     8.51597645958685    
-0.57               8.73958896872237    8.74326235900802    
-0.568              8.96881809572645    8.97022344003449    
-0.566              9.19770831368795    9.19682309711674    
-0.564              9.42622140147522    9.42302464831198    
-0.562              9.65431904593102    9.64879134167798    
-0.56               9.88196284934669    9.87408636170325    
-0.558              10.109114336986     10.0988728357725    
-0.556              10.3357349646568    10.3231138406663    
-0.554              10.5617861263289    10.5467724090932    
-0.552              10.787229161796     10.7698115362538    
-0.55               11.0120253643801    10.9921941864349    
-0.548              11.2361359886762    11.213883299633     
-0.546              11.4595222583363    11.4348417982049    
-0.544              11.6821453738891    11.6550325935458    
-0.542              11.9039665205953    11.874418592792     
-0.54               12.124946876335     12.0929627055472    
-0.538              12.3450476195269    12.3106278506323    
-0.536              12.5642299370753    12.5273769628561    
-0.534              12.7824550323445    12.7431729998053    
-0.532              12.9996841331583    12.9579789486542    
-0.53               13.2158784998215    13.171757832991     
-0.528              13.430999433163     13.3844727196602    
-0.526              13.6450082825973    13.5960867256194    
-0.524              13.8578664542021    13.8065630248097    
-0.522              14.0695354188114    14.0158648550372    
-0.52               14.2799767201203    14.2239555248659    
-0.518              14.4891519828003    14.4307984205186    
-0.516              14.697022920623     14.6363570127861    
-0.514              14.9035513445899    14.8405948639425    
-0.512              15.1086991710655    15.0434756346653    
-0.51               15.3124284299133    15.2449630909587    
-0.508              15.5147012726304    15.445021111079     
-0.506              15.7154799804801    15.6436136924609    
-0.504              15.9147269726198    15.8407049586426    
-0.502              16.112404814222     16.0362591661883    
-0.5                16.3084762245861    16.2302407116078    
-0.498              16.5029040852391    16.4226141382699    
-0.496              16.6956514480232    16.6133441433103    
-0.494              16.8866815431671    16.8023955845302    
-0.492              17.0759577873403    16.9897334872864    
-0.49               17.2634437916871    17.1753230513698    
-0.488              17.4491033698381    17.3591296578719    
-0.486              17.6329005458982    17.541118876037     
-0.484              17.8147995624074    17.7212564700993    
-0.482              17.994764888273     17.8995084061032    
-0.48               18.1727612266711    18.0758408587051    
-0.478              18.3487535229153    18.250220217956     
-0.476              18.5227069722896    18.4226130960621    
-0.474              18.6945870278439    18.5929863341237    
-0.472              18.8643594081508    18.761307008849     
-0.47               19.0319901050199    18.9275424392435    
-0.468              19.1974453911686    19.0916601932711    
-0.466              19.3606918278464    19.253628094488     
-0.464              19.5216962724123    19.4134142286454    
-0.462              19.6804258858606    19.5709869502621    
-0.46               19.8368481402955    19.7263148891631    
-0.458              19.9909308263503    19.879366956985     
-0.456              20.1426420605513    20.030112353645     
-0.454              20.2919502926221    20.1785205737727    
-0.452              20.4388243127276    20.3245614131041    
-0.45               20.5832332586561    20.4682049748344    
-0.448              20.7251466229355    20.6094216759308    
-0.446              20.8645342598838    20.7481822534011    
-0.444              21.0013663925907    20.8844577705189    
-0.442              21.1356136198285    21.0182196230029    
-0.44               21.2672469228905    21.149439545149     
-0.438              21.3962376723553    21.278089615914     
-0.436              21.5225576347737    21.4041422649497    
-0.434              21.6461789792787    21.5275702785855    
-0.432              21.7670742841141    21.6483468057582    
-0.43               21.8852165430824    21.7664453638884    
-0.428              22.0005791719075    21.8818398447013    
-0.426              22.1131360145128    21.9945045199903    
-0.424              22.2228613492118    22.1044140473236    
-0.422              22.3297298948094    22.2115434756908    
-0.42               22.4337168166123    22.3158682510888    
-0.418              22.534797732347     22.4173642220459    
-0.416              22.6329487179842    22.5160076450827    
-0.414              22.728146313466     22.6117751901083    
-0.412              22.820367528337     22.7046439457506    
-0.41               22.9095898472761    22.7945914246196    
-0.408              22.995791235527     22.8815955685024    
-0.406              23.0789501442277    22.9656347534881    
-0.404              23.1590455156357    23.0466877950225    
-0.402              23.2360567882484    23.1247339528906    
-0.4                23.3099639018172    23.1997529361248    
-0.398              23.3807473022537    23.2717249078407    
-0.396              23.4483879464264    23.3406304899947    
-0.394              23.5128673068477    23.406450768067     
-0.392              23.5741673762481    23.4691672956653    
-0.39               23.6322706720377    23.5287620990495    
-0.388              23.6871602406543    23.5852176815769    
-0.386              23.7388196617945    23.6385170280653    
-0.384              23.7872330525292    23.6886436090735    
-0.382              23.8323850713016    23.7355813850993    
-0.38               23.8742609218054    23.7793148106918    
-0.378              23.912846356744     23.8198288384783    
-0.376              23.9481276814687    23.8571089231051    
-0.374              23.9800917574949    23.89114102509      
-0.372              24.0087260058957    23.9219116145863    
-0.37               24.0340184105722    23.9494076750569    
-0.368              24.0559575213987    23.9736167068582    
-0.366              24.0745324572435    23.994526730732     
-0.364              24.0897329088626    24.0121262912051    
-0.362              24.1015491416682    24.0264044598954    
-0.36               24.1099719983681    24.0373508387235    
-0.358              24.1149929014782    24.0449555630296    
-0.356              24.1166038557059    24.0492093045935    
-0.354              24.1147974502044    24.0501032745587    
-0.352              24.1095668606968    24.0476292262579    
-0.35               24.1009058514711    24.0417794579407    
-0.348              24.0888087772429    24.0325468154014    
-0.346              24.0732705848886    24.0199246945073    
-0.344              24.054286815046     24.0039070436258    
-0.342              24.0318536035839    23.9844883659502    
-0.34               24.0059676829393    23.9616637217235    
-0.338              23.9766263833225    23.9354287303586    
-0.336              23.9438276337896    23.9057795724559    
-0.334              23.9075699631828    23.8727129917162    
-0.332              23.8678525009376    23.8362262967489    
-0.33               23.8246749777574    23.7963173627748    
-0.328              23.7780377261551    23.7529846332233    
-0.326              23.7279416808626    23.7062271212226    
-0.324              23.674388379107     23.6560444109833    
-0.322              23.617379960754     23.6024366590741    
-0.32               23.5569191683197    23.5454045955905    
-0.318              23.4930093468493    23.4849495252132    
-0.316              23.4256544436642    23.42107332816      
-0.314              23.3548590079773    23.3537784610261    
-0.312              23.2806281903763    23.2830679575164    
-0.31               23.202967742177     23.208945429067     
-0.308              23.1218840146444    23.1314150653565    
-0.306              23.0373839580847    23.0504816347064    
-0.304              22.949475120807     22.9661504843708    
-0.302              22.8581656479552    22.8784275407146    
-0.3                22.7634642802121    22.7873193092806    
-0.298              22.6653803523742    22.692832874744     
-0.296              22.5639237917999    22.5949759007559    
-0.294              22.4591051167297    22.4937566296739    
-0.292              22.3509354344812    22.3891838821814    
-0.29               22.2394264395181    22.2812670567931    
-0.288              22.1245904113941    22.1700161292497    
-0.286              22.0064402125734    22.0554416517983    
-0.284              21.8849892861284    21.9375547523615    
-0.282              21.7602516533139    21.8163671335932    
-0.28               21.6322419110214    21.6918910718217    
-0.278              21.5009752291124    21.5641394158806    
-0.276              21.3664673476322    21.4331255858265    
-0.274              21.2287345739055    21.2988635715447    
-0.272              21.0877937795149    21.1613679312419    
-0.27               20.9436623971628    21.0206537898274    
-0.268              20.7963584174185    20.8767368371808    
-0.266              20.6459003853506    20.7296333263093    
-0.264              20.4923073970478    20.5793600713919    
-0.262              20.3355990960269    20.4259344457123    
-0.26               20.1757956695312    20.2693743794809    
-0.258              20.012917844719     20.1096983575452    
-0.256              19.8469868847454    19.9469254169894    
-0.254              19.678024584736     19.7810751446238    
-0.252              19.5060532676572    19.6121676743637    
-0.25               19.3310957800811    19.440223684499     
-0.248              19.1531754878489    19.2652643948534    
-0.246              18.972316271633     19.087311563836     
-0.244              18.7885425223992    18.9063874853829    
-0.242              18.6018791367718    18.7225149857922    
-0.24               18.4123515123005    18.5357174204495    
-0.238              18.2199855426339    18.3460186704482    
-0.236              18.0248076125976    18.1534431391024    
-0.234              17.826844593182     17.958015748353     
-0.232              17.6261238364386    17.7597619350701    
-0.23               17.4226731702871    17.5587076472488    
-0.228              17.2165208932364    17.3548793401023    
-0.226              17.0076957690186    17.1483039720505    
-0.224              16.7962270211399    16.9390090006056    
-0.222              16.5821443273489    16.7270223781566    
-0.22               16.3654778140234    16.5123725476516    
-0.218              16.1462580504796    16.2950884381789    
-0.216              15.9245160432025    16.0751994604494    
-0.214              15.7002832300017    15.8527355021791    
-0.212              15.4735914740923    15.627726923373     
-0.21               15.2444730581048    15.4002045515126    
-0.208              15.0129606780233    15.1701996766453    
-0.206              14.779087437056     14.9377440463796    
-0.204              14.5428868394376    14.7028698607839    
-0.202              14.3043927841679    14.465609767193     
-0.2                14.0636395586855    14.2259968549202    
-0.198              13.820661832481     13.9840646498782    
-0.196              13.5754946506496    13.7398471091088    
-0.194              13.3281734273858    13.4933786152224    
-0.192              13.0787339394217    13.2446939707491    
-0.19               12.8272123194112    12.993828392401     
-0.188              12.5736450492607    12.7408175052485    
-0.186              12.3180689534093    12.4856973368102    
-0.184              12.06052119206      12.2285043110587    
-0.182              11.801039254363     11.9692752423423    
-0.18               11.5396609515539    11.7080473292249    
-0.178              11.2764244100478    11.4448581482446    
-0.176              11.0113680644916    11.1797456475916    
-0.174              10.7445306507759    10.9127481407084    
-0.172              10.4759511990085    10.6439042998119    
-0.17               10.2056690264511    10.3732531493388    
-0.168              9.93372373042158    10.1008340593166    
-0.166              9.66015518116229    9.82668673866055    
-0.164              9.3850035146777     9.55085122839804    
-0.162              9.10830912554198    9.27336789482198    
-0.16               8.83011265967873    8.99427742257426    
-0.158              8.55045500711456    8.71362080766074    
-0.156              8.26937729470815    8.43143935039912    
-0.154              7.98692087885652    8.1477746483011     
-0.152              7.70312733818029    7.86266858889021    
-0.15               7.41803846618944    7.57616334245662    
-0.148              7.1316962639314     7.28830135475059    
-0.146              6.84414293262307    6.99912533961571    
-0.144              6.5554208662684     6.70867827156368    
-0.142              6.26557264426315    6.41700337829182    
-0.14               5.97464102398852    6.12414413314508    
-0.138              5.68266893339513    5.8301442475237     
-0.136              5.38969946357908    5.53504766323845    
-0.134              5.09577586135148    5.23889854481455    
-0.132              4.80094152180321    4.94174127174618    
-0.13               4.50523998086621    4.64362043070277    
-0.128              4.20871490787306    4.34458080768903    
-0.126              3.91141009811612    4.04466738015983    
-0.124              3.61336946540785    3.74392530909199    
-0.122              3.31463703464379    3.44239993101413    
-0.12               3.01525693436947    3.14013674999657    
-0.118              2.71527338935285    2.83718142960255    
-0.116              2.41473071316365    2.53357978480273    
-0.114              2.11367330076083    2.2293777738542     
-0.112              1.81214562108974    1.92462149014613    
-0.11               1.51019220969017    1.61935715401322    
-0.108              1.20785766131669    1.31363110451895    
-0.106              0.905186622572476   1.00748979121016    
-0.104              0.602223784557978   0.70097976584463    
-0.102              0.299013875535679   0.39414767409335    
-0.1                -0.004398346387901820.0870402472192374  
-0.098              -0.307968100561681  -0.220295706266193  
-0.096              -0.611650591069834  -0.527813308966221  
-0.094              -0.915401013990753  -0.835465622981023  
-0.092              -1.21917456463406   -1.1432056583064    
-0.09               -1.52292644475456   -1.45098638124778   
-0.088              -1.82661186974196   -1.75876072284748   
-0.086              -2.13018607578547   -2.06648158732372   
-0.084              -2.43360432701203   -2.37410186051948   
-0.082              -2.7368219225973    -2.6815744183597    
-0.08               -3.03979420384836   -2.98885213531483   
-0.078              -3.34247656125718   -3.29588789286925   
-0.076              -3.64482444152389   -3.60263458799256   
-0.074              -3.94679335454891   -3.90904514161234   
-0.072              -4.2483388803931    -4.21507250708623   
-0.07               -4.54941667620499   -4.52066967867206   
-0.0679999999999999 -4.84998248311434   -4.82578969999379   
-0.0659999999999999 -5.14999213309106   -5.13038567250198   
-0.0639999999999999 -5.44940155576876   -5.43441076392674   
-0.0620000000000001 -5.74816678523224   -5.73781821672157   
-0.0600000000000001 -6.04624396676803   -6.04056135649634   
-0.0580000000000001 -6.3435893635772    -6.34259360043758   
-0.056              -6.64015936344993   -6.64386846571447   
-0.054              -6.93591048540104   -6.94433957786879   
-0.052              -7.23079938626569   -7.24396067918699   
-0.05               -7.52478286725491   -7.54268563705277   
-0.048              -7.81781788046997   -7.8404684522784    
-0.046              -8.10986153537529   -8.13726326741311   
-0.044              -8.40087110522914   -8.43302437502678   
-0.042              -8.69080403347163   -8.72770622596722   
-0.04               -8.97961794006949   -9.02126343758943   
-0.038              -9.26727062781699   -9.31365080195504   
-0.036              -9.55372008859262   -9.60482329400031   
-0.034              -9.83892450957108   -9.89473607967097   
-0.032              -10.1228422793899   -10.1833445240222   
-0.03               -10.4054319942709   -10.4706041992822   
-0.028              -10.6866524640943   -10.7564708928776   
-0.026              -10.9664627184285   -11.0409006154187   
-0.024              -11.2448220125107   -11.3238496086442   
-0.022              -11.5216898331817   -11.6052743533215   
-0.02               -11.797025904773    -11.8851315771036   
-0.018              -12.0707901949453   -12.1633782623385   
-0.016              -12.3429429204794   -12.4399716538317   
-0.014              -12.6134445530185   -12.7148692665585   
-0.012              -12.8822558247613   -12.9880288933253   
-0.01               -13.1493377341063   -13.2594086123782   
-0.00800000000000001-13.4146515512466   -13.5289667949574   
-0.00600000000000001-13.6781588237153   -13.7966621127961   
-0.004              -13.9398213818805   -14.062453545561    
-0.002              -14.1996013443914   -14.3263003882352   
0                   -14.4574611235723   -14.5881622584398   
0.002               -14.7133634307682   -14.8479991036939   
0.004               -14.967271281638    -15.1057712086113   
0.00600000000000001 -15.2191480013977   -15.3614392020321   
0.00800000000000001 -15.468957230013    -15.6149640640878   
0.01                -15.7166629273393   -15.8663071331994   
0.012               -15.962229378212    -16.1154301130054   
0.014               -16.2056211974843   -16.3622950792194   
0.016               -16.4468033350139   -16.606864486416    
0.018               -16.6857410805977   -16.8491011747432   
0.02                -16.9224000688548   -17.0889683765593   
0.022               -17.1567462840575   -17.3264297229947   
0.024               -17.3887460649105   -17.5614492504356   
0.026               -17.6183661092774   -17.7939914069287   
0.028               -17.8455734788554   -18.0240210585065   
0.03                -18.0703356037976   -18.2515034954307   
0.032               -18.2926202872824   -18.4764044383527   
0.034               -18.5123957100312   -18.6986900443911   
0.036               -18.7296304347724   -18.9183269131229   
0.038               -18.9442934106535   -19.1352820924894   
0.04                -19.1563539776002   -19.3495230846138   
0.042               -19.3657818706224   -19.5610178515303   
0.044               -19.5725472240674   -19.7697348208236   
0.046               -19.77662057582     -19.975642891177    
0.048               -19.9779728714493   -20.1787114378289   
0.05                -20.1765754683026   -20.3789103179349   
0.052               -20.3724001395455   -20.5762098758374   
0.054               -20.5654190781489   -20.7705809482383   
0.056               -20.7556049008225   -20.9619948692759   
0.0580000000000001  -20.9429306518944   -21.1504234755047   
0.0600000000000001  -21.1273698071368   -21.3358391107764   
0.0620000000000001  -21.308896277539    -21.5182146310216   
0.0640000000000001  -21.4874844130245   -21.6975234089315   
0.0660000000000001  -21.6631090061158   -21.873739338538    
0.0680000000000001  -21.8357452955439   -22.046836839692    
0.0700000000000001  -22.0053689698042   -22.2167908624384   
0.0720000000000001  -22.1719561706568   -22.383576891288    
0.0740000000000001  -22.3354834965736   -22.5471709493832   
0.0760000000000001  -22.4959280061293   -22.70754960256     
0.0780000000000001  -22.6532672213382   -22.8646899633026   
0.0800000000000001  -22.8074791309358   -23.0185696945911   
0.0820000000000001  -22.9585421936046   -23.1691670136419   
0.0840000000000001  -23.1064353411448   -23.3164606955389   
0.0860000000000001  -23.2511379815894   -23.4604300767562   
0.0880000000000001  -23.3926300022629   -23.6010550585704   
0.0900000000000001  -23.5308917727842   -23.7383161103628   
0.0920000000000001  -23.6659041480132   -23.8721942728102   
0.0940000000000001  -23.7976484709406   -24.0026711609644   
0.0960000000000001  -23.9261065755206   -24.1297289672186   
0.0980000000000001  -24.0512607894473   -24.2533504641619   
0.1                 -24.1730939368726   -24.3735190073202   
0.102               -24.2915893410674   -24.4902185377824   
0.104               -24.4067308270244   -24.6034335847141   
0.106               -24.5185027240022   -24.7131492677543   
0.108               -24.6268898680117   -24.8193512992988   
0.11                -24.7318776042429   -24.9220259866672   
0.112               -24.8334517894326   -25.0211602341537   
0.114               -24.9315987941726   -25.1167415449625   
0.116               -25.0263055051576   -25.2087580230256   
0.118               -25.1175593273733   -25.2971983747043   
0.12                -25.2053481862229   -25.3820519103736   
0.122               -25.2896605295932   -25.4633085458889   
0.124               -25.3704853298585   -25.5409588039347   
0.126               -25.4478120858234   -25.614993815257    
0.128               -25.5216308246018   -25.6854053197755   
0.13                -25.5919321034344   -25.7521856675797   
0.132               -25.6587070114417   -25.8153278198058   
0.134               -25.7219471713139   -25.874825349395    
0.136               -25.7816447409365   -25.9306724417344   
0.138               -25.8377924149503   -25.9828638951784   
0.14                -25.8903834262467   -26.0313951214527   
0.142               -25.9394115473976   -26.0762621459392   
0.144               -25.9848710920177   -26.1174616078427   
0.146               -26.0267569160611   -26.1549907602392   
0.148               -26.0650644190493   -26.1888474700065   
0.15                -26.0997895452327   -26.2190302176361   
0.152               -26.1309287846816   -26.2455380969274   
0.154               -26.1584791743098   -26.2683708145645   
0.156               -26.1824382988271   -26.2875286895742   
0.158               -26.2028042916225   -26.3030126526686   
0.16                -26.2195758355755   -26.3148242454687   
0.162               -26.2327521637966   -26.3229656196122   
0.164               -26.2423330602951   -26.3274395357445   
0.166               -26.2483188605744   -26.3282493623934   
0.168               -26.2507104521532   -26.3253990747285   
0.17                -26.249509275014    -26.3188932532036   
0.172               -26.2447173219749   -26.308737082086    
0.174               -26.236337138988    -26.2949363478695   
0.176               -26.2243718253601   -26.277497437574    
0.178               -26.2088250338977   -26.2564273369311   
0.18                -26.1897009709742   -26.2317336284563   
0.182               -26.1670043965194   -26.2034244894083   
0.184               -26.1407406239296   -26.1715086896368   
0.186               -26.1109155198994   -26.1359955893181   
0.188               -26.077535504172    -26.0968951365792   
0.19                -26.0406075492105   -26.0542178650123   
0.192               -26.000139179786    -26.0079748910793   
0.194               -25.9561384724853   -25.9581779114065   
0.196               -25.9086140551343   -25.9048391999714   
0.198               -25.8575751061394   -25.8479716051821   
0.2                 -25.8030313537437   -25.7875885468484   
0.202               -25.7449930751992   -25.7237040130477   
0.204               -25.6834710958529   -25.6563325568852   
0.206               -25.6184767881478   -25.585489293149    
0.208               -25.550022070536    -25.5111898948615   
0.21                -25.4781194063055   -25.4334505897278   
0.212               -25.4027818023185   -25.3522881564815   
0.214               -25.3240228076606   -25.2677199211302   
0.216               -25.2418565122022   -25.1797637530987   
0.218               -25.1562975450682   -25.0884380612748   
0.22                -25.0673610730187   -24.9937617899551   
0.222               -24.9750627987379   -24.8957544146935   
0.224               -24.8794189590316   -24.7944359380536   
0.226               -24.7804463229325   -24.6898268852646   
0.228               -24.6781621897123   -24.5819482997832   
0.23                -24.5725843868012   -24.4708217387622   
0.232               -24.4637312676135   -24.3564692684254   
0.234               -24.3516217092776   -24.2389134593528   
0.236               -24.2362751102733   -24.1181773816735   
0.238               -24.1177113879716   -23.9942846001714   
0.24                -23.9959509760803   -23.8672591693011   
0.242               -23.8710148219924   -23.737125628118    
0.244               -23.7429243840383   -23.6039089951219   
0.246               -23.6117016286409   -23.4676347630168   
0.248               -23.4773690273729   -23.3283288933864   
0.25                -23.3399495539168   -23.1860178112882   
0.252               -23.199466680926    -23.0407283997664   
0.254               -23.0559443767884   -22.8924879942847   
0.256               -22.90940710229     -22.7413243770816   
0.258               -22.7598798071807   -22.5872657714476   
0.26                -22.6073879266399   -22.4303408359274   
0.262               -22.4519573776428   -22.2705786584467   
0.264               -22.2936145552269   -22.1080087503667   
0.266               -22.132386328659    -21.9426610404661   
0.268               -21.968300037502    -21.7745658688526   
0.27                -21.8013834875807   -21.6037539808056   
0.272               -21.631664946849    -21.430256520551    
0.274               -21.4591731411553   -21.2541050249693   
0.276               -21.2839372499081   -21.075331417239    
0.278               -21.1059869016421   -20.8939680004166   
0.28                -20.9253521694824   -20.7100474509537   
0.282               -20.7420635665104   -20.5236028121544   
0.284               -20.5561520410275   -20.3346674875729   
0.286               -20.3676489717212   -20.1432752343526   
0.288               -20.1765861627293   -19.9494601565107   
0.29                -19.9829958386058   -19.7532566981658   
0.292               -19.7869106391872   -19.5546996367136   
0.294               -19.5883636143595   -19.3538240759501   
0.296               -19.3873882187267   -19.1506654391447   
0.298               -19.184018306181    -18.9452594620638   
0.3                 -18.9782881243746   -18.7376421859481   
0.302               -18.7702323090943   -18.5278499504433   
0.304               -18.5598858785391   -18.3159193864863   
0.306               -18.3472842275005   -18.1018874091498   
0.308               -18.1324631214478   -17.8857912104444   
0.31                -17.9154586905168   -17.6676682520817   
0.312               -17.6963074234048   -17.4475562581995   
0.314               -17.47504616117     -17.22549320805     
0.316               -17.2517120909388   -17.0015173286533   
0.318               -17.0263427395194   -16.7756670874176   
0.32                -16.7989759669238   -16.5479811847274   
0.322               -16.5696499597985   -16.3184985465018   
0.324               -16.3384032247651   -16.0872583167239   
0.326               -16.105274581671    -15.8542998499431   
0.328               -15.8703031567523   -15.6196627037522   
0.33                -15.6335283757091   -15.3833866312409   
0.332               -15.3949899566936   -15.1455115734264   
0.334               -15.1547279032138   -14.9060776516638   
0.336               -14.9127824969525   -14.6651251600372   
0.338               -14.6691942905032   -14.422694557734    
0.34                -14.424004100024    -14.1788264614022   
0.342               -14.1772529978111   -13.9335616374947   
0.344               -13.9289823047927   -13.6869409946002   
0.346               -13.6792335829448   -13.4390055757632   
0.348               -13.4280486276301   -13.1897965507947   
0.35                -13.1754694598623   -12.9393552085751   
0.352               -12.9215383184953   -12.6877229493504   
0.354               -12.6662976523414   -12.4349412770248   
0.356               -12.4097901122175   -12.1810517914488   
0.358               -12.1520585429225   -11.9260961807073   
0.36                -11.893145975147    -11.6701162134068   
0.362               -11.6330956173166   -11.4131537309646   
0.364               -11.3719508473713   -11.1552506399015   
0.366               -11.1097552044819   -10.8964489041396   
0.368               -10.8465523807057   -10.6367905373054   
0.37                -10.5823862125828   -10.3763175950423   
0.372               -10.3173006726754   -10.1150721673321   
0.374               -10.0513398610519   -9.85309637082694   
0.376               -9.78454799671707   -9.59043234119551   
0.378               -9.51696940899079   -9.32712222548175   
0.38                -9.24864852883773   -9.06320817448056   
0.382               -8.9796298801489    -8.79873233513023   
0.384               -8.70995807097808   -8.53373684292373   
0.386               -8.43967778473482   -8.26826381434052   
0.388               -8.16883377133608   -8.00235533929999   
0.39                -7.89747083831896   -7.73605347363837   
0.392               -7.62563384191631   -7.4694002316104    
0.394               -7.35336767809783   -7.20243757841736   
0.396               -7.08071727357861   -6.93520742276282   
0.398               -6.80772757679758   -6.66775160943769   
0.4                 -6.53444354886805   -6.40011191193594   
0.402               -6.26091015450279   -6.13233002510244   
0.404               -5.98717235291589   -5.86444755781447   
0.406               -5.71327508870394   -5.59650602569807   
0.408               -5.43926328270879   -5.32854684388094   
0.41                -5.16518182286447   -5.06061131978308   
0.412               -4.8910755550306    -4.79274064594665   
0.414               -4.61698927381494   -4.52497589290631   
0.416               -4.3429677133874    -4.25735800210164   
0.418               -4.06905553828826   -3.98992777883275   
0.42                -3.79529733423293   -3.72272588526056   
0.422               -3.52173759891594   -3.45579283345291   
0.424               -3.24842073281683   -3.18916897847811   
0.426               -2.97539103001031   -2.92289451154694   
0.428               -2.70269266898357   -2.65700945320447   
0.43                -2.43036970346314   -2.39155364657306   
0.432               -2.1584660532542    -2.1265667506477    
0.434               -1.88702549509477   -1.86208823364495   
0.436               -1.61609165352754   -1.59815736640672   
0.438               -1.34570799179217   -1.33481321586009   
0.44                -1.07591780274042   -1.07209463853439   
0.442               -0.806764199777212  -0.810040274136686  
0.444               -0.538290107829986  -0.548688539186866  
0.446               -0.270538254349305  -0.28807762071341   
0.448               -0.00355116034323377-0.0282454700110882 
0.45                0.262628868551563   0.230770203538365   
0.452               0.527959750959539   0.488931938581548   
0.454               0.792399638613813   0.746202527843507   
0.456               1.05590692515908    1.00254502411162    
0.458               1.3184402549069     1.25792274615216    
0.46                1.57995853154093    1.51229928455867    
0.462               1.84042092676905    1.76563850753094    
0.464               2.09978688892008    2.01790456658371    
0.466               2.35801615148193    2.26906190218403    
0.468               2.61506874157891    2.51907524931649    
0.47                2.8709049883852     2.76790964297521    
0.472               3.12548553147198    3.01553042358171    
0.474               3.37877132908555    3.2619032423278     
0.476               3.6307236663536     3.5069940664426     
0.478               3.88130416341731    3.75076918438283    
0.48                4.13047478348636    3.99319521094543    
0.482               4.37819784081443    4.23423909230184    
0.484               4.62443600859253    4.47386811095305    
0.486               4.86915232675763    4.71204989060459    
0.488               5.11231020971395    4.94875240096082    
0.49                5.35387345396455    5.18394396243763    
0.492               5.59380624565059    5.41759325079291    
0.494               5.83207316799576    5.64966930167413    
0.496               6.06863920865359    5.88014151508219    
0.498               6.30346976695497    6.108979659751      
0.5                 6.53653066105379    6.33615387744212    
0.502               6.76778813496801    6.56163468715386    
0.504               6.99720886551405    6.78539298924411    
0.506               7.2247599691321     7.00740006946644    
0.508               7.45040900860009    7.22762760291891    
0.51                7.67412399963402    7.44604765790502    
0.512               7.89587341737263    7.66263269970619    
0.514               8.11562620274397    7.87735559426539    
0.516               8.33335176871198    8.09018961178142    
0.518               8.54902000640077    8.30110843021337    
0.52                8.76260129109481    8.51008613869474    
0.522               8.97406648811266    8.71709724085695    
0.524               9.18338695855261    8.92211665806171    
0.526               9.39053456490811    9.12511973254203    
0.528               9.59548167655106    9.3260822304513     
0.53                9.79820117508129    9.52498034482032    
0.532               9.99866645954025    9.72179069842185    
0.534               10.1968514514873    9.91649034654244    
0.536               10.3927305999367    10.1090567796612    
0.538               10.586278886154     10.2994679260354    
0.54                10.7774718283097    10.4877021541925    
0.542               10.9662854859889    10.6737382753286    
0.544               11.1526964645557    10.8575555456127    
0.546               11.3366819193707    11.0391336683976    
0.548               11.5182195598592    11.218452796336     
0.55                11.6972876534309    11.3954935334022    
0.552               11.8738650292476    11.5702369368204    
0.554               12.0479310818393    11.7426645188971    
0.556               12.2194657745658    11.9127582487603    
0.558               12.3884496429248    12.0805005540031    
0.56                12.5548637977037    12.2458743222337    
0.562               12.7186899279744    12.4088629025294    
0.564               12.8799103039311    12.5694501067979    
0.566               13.0385077795686    12.7276202110424    
0.568               13.1944657952017    12.8833579565335    
0.57                13.3477683798244    13.0366485508855    
0.572               13.4984001533074    13.1874776690399    
0.574               13.6463463284344    13.3358314541538    
0.576               13.7915927127763    13.4816965183942    
0.578               13.9341257104018    13.6250599436393    
0.58                14.0739323234252    13.7659092820857    
0.582               14.2110001533901    13.9042325567617    
0.584               14.345317402489     14.0400182619488    
0.586               14.4768728746188    14.1732553635086    
0.588               14.6056559762701    14.3039332991182    
0.59                14.7316567172538    14.4320419784127    
0.592               14.8548657112603    14.557571783036     
0.594               14.9752741762552    14.6805135665991    
0.596               15.0928739347091    14.8008586545478    
0.598               15.2076574136623    14.918598843939     
0.6                 15.3196176446247    15.0337264031262    
0.602               15.4287482633109    15.1462340713547    
0.604               15.5350435092105    15.2561150582676    
0.606               15.638498224994     15.363363043321     
0.608               15.7391078557555    15.467972175112     
0.61                15.8368684480913    15.5699370706164    
0.612               15.9317766490152    15.6692528143398    
0.614               16.0238297047123    15.7659149573803    
0.616               16.1130254591303    15.8599195164049    
0.618               16.1993623524092    15.9512629725384    
0.62                16.282839419152     16.0399422701679    
0.622               16.3634562865339    16.1259548156605    
0.624               16.4412131722543    16.2092984759971    
0.626               16.5161108823295    16.2899715773221    
0.628               16.5881508087297    16.3679729034091    
0.63                16.6573349268592    16.4433016940441    
0.632               16.7236657928819    16.5159576433266    
0.634               16.7871465408938    16.5859408978886    
0.636               16.8477808799417    16.6532520550334    
0.638               16.9055730908919    16.7178921607937    
0.64                16.9605280231481    16.7798627079108    
0.642               17.0126510912214    16.8391656337345    
0.644               17.0619482711522    16.8958033180454    
0.646               17.1084260967876    16.9497785808       
0.648               17.1520916559134    17.0010946797989    
0.65                17.1929525862443    17.0497553082803    
0.652               17.2310170712729    17.0957645924375    
0.654               17.2662938359792    17.139127088863     
0.656               17.2987921424032    17.1798477819195    
0.658               17.3285217850802    17.2179320810381    
0.66                17.3554930863444    17.2533858179451    
0.662               17.3797168914979    17.2862152438183    
0.664               17.4012045638516    17.3164270263736    
0.666               17.4199679796366    17.3440282468819    
0.668               17.4360195227899    17.3690263971192    
0.67                17.4493720796156    17.3914293762487    
0.672               17.4600390333248    17.4112454876368    
0.674               17.4680342584544    17.4284834356044    
0.676               17.4733721151692    17.4431523221134    
0.678               17.4760674434478    17.45526164339      
0.68                17.4761355571556    17.4648212864855    
0.682               17.4735922380065    17.471841525776     
0.684               17.4684537294164    17.4763330194012    
0.686               17.4607367302498    17.4783068056439    
0.688               17.4504583884627    17.4777742992517    
0.69                17.4376362946446    17.4747472876999    
0.692               17.4222884754607    17.4692379273995    
0.694               17.404433386998     17.4612587398486    
0.696               17.3840899080173    17.45082260773      
0.698               17.3612773331138    17.4379427709554    
0.7                 17.3360153657892    17.4226328226574    
0.702               17.3083241114366    17.40490670513      
0.704               17.2782240702432    17.3847787057192    
0.706               17.2457361300104    17.3622634526643    
0.708               17.2108815588971    17.3373759108912    
0.71                17.1736819980867    17.3101313777593    
0.712               17.134159454381     17.2805454787613    
0.714               17.0923362927247    17.2486341631798    
0.716               17.048235228662     17.2144136996986    
0.718               17.0018793207286    17.1779006719732    
0.72                16.9532919627824    17.139111974158     
0.722               16.9024968762742    17.0980648063945    
0.724               16.8495181024636    17.0547766702598    
0.726               16.7943799945801    17.0092653641767    
0.728               16.7371072099345    16.9615489787874    
0.73                16.6777247019827    16.9116458922907    
0.732               16.6162577123439    16.8595747657446    
0.734               16.5527317627773    16.805354538336     
0.736               16.4871726471201    16.7490044226165    
0.738               16.419606423188     16.6905438997084    
0.74                16.3500594046439    16.629992714479     
0.742               16.2785581528343    16.5673708706874    
0.744               16.2051294685996    16.5026986261014    
0.746               16.1298003840586    16.4359964875898    
0.748               16.0525981543717    16.3672852061871    
0.75                15.9735502494842    16.296585772135     
0.752               15.8926843458544    16.2239194098996    
0.754               15.8100283181673    16.1493075731671    
0.756               15.7256102310388    16.072771939818     
0.758               15.6394583307112    15.9943344068813    
0.76                15.5516010367444    15.91401708547      
0.762               15.4620669337049    15.8318422956991    
0.764               15.3708847628556    15.7478325615866    
0.766               15.2780834138488    15.6620106059394    
0.768               15.1836919164256    15.5743993452252    
0.77                15.087739432125     15.4850218844304    
0.772               14.9902552460033    15.393901511907     
0.774               14.8912687583695    15.3010616942077    
0.776               14.7908094765371    15.206526070912     
0.778               14.6889070065956    15.1103184494433    
0.78                14.5855910452051    15.0124627998781    
0.782               14.4808913714159    14.9129832497497    
0.784               14.3748378385154    14.8119040788457    
0.786               14.2674603659057    14.7092497140018    
0.788               14.1587889310145    14.6050447238924    
0.79                14.0488535612408    14.4993138138192    
0.792               13.9376843259388    14.3920818204986    
0.794               13.8253113284423    14.2833737068499    
0.796               13.7117646981322    14.1732145567843    
0.798               13.5970745825487    14.0616295699963    
0.8                 13.4812711395522    13.9486440567583    
0.802               13.3643845295328    13.8342834327205    
0.804               13.2464449076739    13.7185732137151    
0.806               13.1274824162693    13.6015390105684    
0.808               13.0075271770973    13.4832065239192    
0.81                12.8866092838546    13.363601539047     
0.812               12.7647587946514    13.2427499207092    
0.814               12.6420057245689    13.1206776079892    
0.816               12.5183800382844    12.9974106091567    
0.818               12.3939116427621    12.8729749965398    
0.82                12.2686303800149    12.7473969014117    
0.822               12.1425660199374    12.6207025088918    
0.824               12.0157482532127    12.4929180528625    
0.826               11.8882066842948    12.3640698109027    
0.828               11.7599708244682    12.2341840992395    
0.83                11.6310700849871    12.1032872677175    
0.832               11.5015337702958    11.9714056947886    
0.834               11.3713910713311    11.838565782522     
0.836               11.2406710589104    11.7047939516356    
0.838               11.1094026772052    11.57011663655      
0.84                10.9776147373022    11.4345602804655    
0.842               10.8453359108546    11.2981513304636    
0.844               10.7125947238239    11.1609162326332    
0.846               10.5794195503134    11.0228814272236    
0.848               10.4458386064966    10.8840733438232    
0.85                10.3118799446402    10.7445183965669    
0.852               10.1775714472236    10.6042429793715    
0.854               10.0429408211563    10.4632734612011    
0.856               9.90801559209438    10.3216361813618    
0.858               9.77282309885746    10.1793574448283    
0.86                9.6373904879466     10.0364635176023    
0.862               9.50174470816507    9.89298062210291    
0.864               9.36591250534267    9.74893493259156    
0.866               9.22992041716444    9.60435257063009    
0.868               9.09379476810518    9.45925960057456    
0.87                8.95756166447015    9.31368202510452    
0.872               8.82124698954334    9.16764578078883    
0.874               8.68487639884367    9.02117673368869    
0.876               8.54847531549027    8.87430067499865    
0.878               8.41206892567716    8.72704331672608    
0.88                8.27568217425849    8.57943028741034    
0.882               8.13933976044455    8.43148712788153    
0.884               8.00306613360919    8.2832392870602     
0.886               7.86688548920949    8.13471211779835    
0.888               7.73082176481767    7.98593087276228    
0.89                7.59489863626619    7.83692070035814    
0.892               7.45913951390595    7.68770664070075    
0.894               7.3235675389783     7.53831362162611    
0.896               7.18820558010087    7.38876645474842    
0.898               7.05307622986772    7.23908983156205    
0.9                 6.91820180156381    7.08930831958904    
0.902               6.78360432599398    6.93944635857285    
0.904               6.64930554842667    6.78952825671848    
0.906               6.51532692565222    6.63957818698005    
0.908               6.38168962315606    6.4896201833959     
0.91                6.24841451240643    6.33967813747183    
0.912               6.11552216825682    6.18977579461322    
0.914               5.98303286646287    6.03993675060599    
0.916               5.85096658131363    5.89018444814737    
0.918               5.7193429833769     5.74054217342669    
0.92                5.58818143735856    5.59103305275649    
0.922               5.45750100007539    5.44168004925466    
0.924               5.32732041854119    5.29250595957787    
0.926               5.19765812816583    5.14353341070655    
0.928               5.06853225106671    4.99478485678212    
0.93                4.93996059449231    4.84628257599644    
0.932               4.81196064935717    4.69804866753415    
0.934               4.68454958888801    4.55010504856817    
0.936               4.55774426738008    4.40247345130843    
0.938               4.43156121906355    4.25517542010454    
0.94                4.30601665707887    4.1082323086024     
0.942               4.18112647256069    3.9616652769551     
0.944               4.05690623382958    3.81549528908849    
0.946               3.93337118569069    3.66974311002149    
0.948               3.81053624883864    3.52442930324151    
0.95                3.68841601936784    3.37957422813526    
0.952               3.56702476838732    3.23519803747488    
0.954               3.44637644173914    3.09132067496003    
0.956               3.32648465981966    2.94796187281569    
0.958               3.20736271750242    2.80514114944609    
0.96                3.08902358416192    2.662877807145      
0.962               2.97147990379709    2.52119092986219    
0.964               2.85474399525346    2.38009938102657    
0.966               2.73882785254312    2.23962180142592    
0.968               2.62374314526104    2.09977660714333    
0.97                2.50950121909691    1.96058198755053    
0.972               2.39611309644123    1.8220559033581     
0.974               2.28358947708448    1.68421608472265    
0.976               2.17194073900815    1.54708002941115    
0.978               2.06117693926645    1.41066500102215    
0.98                1.95130781495736    1.27498802726426    
0.982               1.84234278428193    1.14006589829176    
0.984               1.7342909476902     1.00591516509716    
0.986               1.62716108911286    0.872552137961134   
0.988               1.52096167727692    0.739992884959332   
0.99                1.41570086710428    0.608253230526357   
0.992               1.31138650119164    0.477348754076782   
0.994               1.20802611137065    0.347294788683004   
0.996               1.10562692034648    0.218106419810078   
0.998               1.00419584341375    0.0897984841073611  
