-1                  0.218814631638973   0.192497730304415   
-0.998              0.197458907123823   0.172048673625913   
-0.996              0.175948311857615   0.151422863570546   
-0.994              0.15428442926431    0.130622111165926   
-0.992              0.132468880054197   0.109648268079707   
-0.99               0.110503322265338   0.0885032265666926  
-0.988              0.0883894512979976  0.0671889194080638  
-0.986              0.0661289999419969  0.0457073198426502  
-0.984              0.0437237383969147  0.0240604414902119  
-0.982              0.0211754742850681  0.00225033826672097 
-0.98               -0.00151394734279675-0.0197208957084145 
-0.978              -0.0243426440091743 -0.0418511262132077 
-0.976              -0.04730869581889   -0.0641381790320529 
-0.974              -0.0704101454756823 -0.0865798400728432 
-0.972              -0.0936449983063374 -0.10917385549224   
-0.97               -0.117011222292445  -0.131917931829135  
-0.968              -0.140506748109826  -0.154809736146348  
-0.966              -0.16412946917571   -0.177846896180545  
-0.964              -0.187877241703698  -0.201027000500429  
-0.962              -0.211747884766596  -0.224347598673205  
-0.96               -0.235739180367151  -0.247806201439345  
-0.958              -0.259848873516765  -0.27140028089568   
-0.956              -0.284074672322219  -0.295127270686797  
-0.954              -0.308414248080488  -0.318984566204799  
-0.952              -0.332865235381667  -0.342969524797408  
-0.95               -0.357425232220081  -0.367079465984437  
-0.948              -0.382091800113615  -0.391311671682622  
-0.946              -0.406862464231312  -0.415663386438846  
-0.944              -0.431734713529294  -0.440131817671724  
-0.942              -0.456706000895026  -0.464714135921591  
-0.94               -0.48177374329999   -0.489407475108865  
-0.938              -0.506935321960798  -0.514208932800784  
-0.936              -0.532188082508777  -0.539115570486548  
-0.934              -0.55752933516807   -0.564124413860811  
-0.932              -0.582956354942287  -0.589232453115561  
-0.93               -0.608466381809739  -0.614436643240352  
-0.928              -0.63405662092728   -0.639733904330886  
-0.926              -0.659724242842802  -0.665121121905959  
-0.924              -0.685466383716381  -0.690595147232689  
-0.922              -0.711280145550144  -0.716152797660104  
-0.92               -0.737162596426837  -0.74179085696099   
-0.918              -0.763110770757142  -0.767506075682036  
-0.916              -0.789121669535757  -0.793295171502209  
-0.914              -0.815192260606257  -0.819154829599394  
-0.912              -0.841319478934746  -0.845081703025214  
-0.91               -0.867500226892322  -0.87107241308804   
-0.908              -0.893731374546378  -0.897123549744155  
-0.906              -0.920009759960704  -0.923231671997043  
-0.904              -0.94633218950447   -0.94939330830476   
-0.902              -0.972695438170024  -0.975604956995372  
-0.9                -0.999096249899556  -1.0018630866904    
-0.898              -1.02553133792061   -1.02816413673627   
-0.896              -1.05199738509047   -1.05450451764367   
-0.894              -1.07849104424931   -1.08088061153487   
-0.892              -1.10500893858236   -1.10728877259881   
-0.89               -1.1315476619907    -1.13372532755412   
-0.888              -1.15810377947105   -1.16018657611977   
-0.886              -1.18467382750428   -1.18666879149358   
-0.884              -1.21125431445279   -1.21316822083825   
-0.882              -1.23784172096661   -1.23968108577514   
-0.88               -1.2644325003983    -1.26620358288553   
-0.878              -1.29102307922667   -1.29273188421938   
-0.876              -1.31760985748905   -1.31926213781158   
-0.874              -1.34418920922247   -1.34579046820553   
-0.872              -1.37075748291334   -1.37231297698411   
-0.87               -1.39731100195587   -1.39882574330783   
-0.868              -1.42384606511909   -1.42532482446022   
-0.866              -1.45035894702239   -1.45180625640034   
-0.864              -1.47684589861969   -1.47826605432232   
-0.862              -1.503303147692     -1.50470021322194   
-0.86               -1.52972689934853   -1.53110470846999   
-0.858              -1.55611333653619   -1.55747549639266   
-0.856              -1.5824586205574    -1.5838085148585    
-0.854              -1.60875889159629   -1.61009968387216   
-0.852              -1.63501026925312   -1.63634490617473   
-0.85               -1.66120885308692   -1.6625400678505    
-0.848              -1.68735072316632   -1.68868103894031   
-0.846              -1.7134319406284    -1.71476367406107   
-0.844              -1.73944854824561   -1.74078381303168   
-0.842              -1.76539657100071   -1.76673728150501   
-0.84               -1.79127201666953   -1.79261989160603   
-0.838              -1.81707087641157   -1.81842744257589   
-0.836              -1.84278912536844   -1.84415572142189   
-0.834              -1.8684227232699    -1.86980050357321   
-0.832              -1.89396761504754   -1.89535755354243   
-0.83               -1.91941973145601   -1.9208226255925    
-0.828              -1.94477498970164   -1.94619146440934   
-0.826              -1.97002929407851   -1.97145980577972   
-0.824              -1.99517853661172   -1.99662337727448   
-0.822              -2.02021859770788   -2.02167789893692   
-0.82               -2.04514534681272   -2.04661908397622   
-0.818              -2.06995464307562   -2.07144263946587   
-0.816              -2.09464233602116   -2.0961442670469    
-0.814              -2.11920426622737   -2.12071966363587   
-0.812              -2.14363626601074   -2.14516452213746   
-0.81               -2.16793416011785   -2.16947453216158   
-0.808              -2.1920937664234    -2.19364538074483   
-0.806              -2.21611089663472   -2.21767275307626   
-0.804              -2.2399813570025    -2.24155233322728   
-0.802              -2.26370094903773   -2.26527980488551   
-0.8                -2.28726547023457   -2.28885085209264   
-0.798              -2.31067071479927   -2.31226115998598   
-0.796              -2.33391247438481   -2.33550641554369   
-0.794              -2.35698653883126   -2.35858230833353   
-0.792              -2.37988869691165   -2.38148453126496   
-0.79               -2.40261473708329   -2.40420878134454   
-0.788              -2.42516044824438   -2.42675076043446   
-0.786              -2.44752162049578   -2.449106176014     
-0.784              -2.46969404590776   -2.47127074194392   
-0.782              -2.49167351929172   -2.4932401792335    
-0.78               -2.51345583897656   -2.51501021681028   
-0.778              -2.53503680758975   -2.53657659229208   
-0.776              -2.55641223284274   -2.55793505276146   
-0.774              -2.5775779283208    -2.57908135554232   
-0.772              -2.59852971427696   -2.60001126897845   
-0.77               -2.61926341842995   -2.62072057321408   
-0.768              -2.63977487676605   -2.64120506097603   
-0.766              -2.66005993434459   -2.66146053835759   
-0.764              -2.68011444610705   -2.68148282560376   
-0.762              -2.69993427768948   -2.70126775789778   
-0.76               -2.71951530623821   -2.72081118614888   
-0.758              -2.73885342122859   -2.74010897778098   
-0.756              -2.75794452528662   -2.75915701752222   
-0.754              -2.77678453501335   -2.77795120819529   
-0.752              -2.79536938181177   -2.79648747150819   
-0.75               -2.81369501271617   -2.81476174884545   
-0.748              -2.83175739122366   -2.83277000205962   
-0.746              -2.84955249812775   -2.85050821426276   
-0.744              -2.86707633235381   -2.86797239061796   
-0.742              -2.8843249117962    -2.8851585591306    
-0.74               -2.9012942741569    -2.90206277143921   
-0.738              -2.91798047778551   -2.91868110360581   
-0.736              -2.93437960252033   -2.93500965690562   
-0.734              -2.95048775053046   -2.9510445586158    
-0.732              -2.96630104715865   -2.96678196280333   
-0.73               -2.98181564176471   -2.98221805111157   
-0.728              -2.99702770856936   -2.9973490335456    
-0.726              -3.01193344749829   -3.01217114925606   
-0.724              -3.02652908502616   -3.02668066732132   
-0.722              -3.04081087502054   -3.0408738875278    
-0.72               -3.05477509958537   -3.05474714114846   
-0.718              -3.06841806990392   -3.06829679171899   
-0.716              -3.08173612708096   -3.08151923581184   
-0.714              -3.09472564298398   -3.09441090380773   
-0.712              -3.10738302108323   -3.10696826066453   
-0.71               -3.11970469729044   -3.11918780668346   
-0.708              -3.13168714079595   -3.13106607827222   
-0.706              -3.14332685490406   -3.14259964870511   
-0.704              -3.15462037786647   -3.15378512887983   
-0.702              -3.16556428371349   -3.16461916807092   
-0.7                -3.17615518308297   -3.17509845467948   
-0.698              -3.18638972404654   -3.18521971697931   
-0.696              -3.19626459293313   -3.19497972385898   
-0.694              -3.20577651514953   -3.20437528555989   
-0.692              -3.21492225599771   -3.2134032544101    
-0.69               -3.22369862148876   -3.22206052555373   
-0.688              -3.23210245915318   -3.23034403767579   
-0.686              -3.24013065884745   -3.2382507737223    
-0.684              -3.24778015355649   -3.24577776161549   
-0.682              -3.2550479201919    -3.25292207496403   
-0.68               -3.26193098038581   -3.25968083376792   
-0.678              -3.26842640128005   -3.26605120511814   
-0.676              -3.27453129631043   -3.27203040389066   
-0.674              -3.28024282598602   -3.27761569343486   
-0.672              -3.2855581986631    -3.282804386256     
-0.67               -3.29047467131368   -3.28759384469176   
-0.668              -3.29498955028827   -3.29198148158257   
-0.666              -3.29910019207282   -3.29596476093564   
-0.664              -3.30280400403946   -3.29954119858249   
-0.662              -3.30609844519106   -3.30270836282987   
-0.66               -3.30898102689911   -3.30546387510386   
-0.658              -3.31144931363504   -3.30780541058706   
-0.656              -3.31350092369446   -3.30973069884864   
-0.654              -3.31513352991435   -3.31123752446716   
-0.652              -3.31634486038289   -3.31232372764603   
-0.65               -3.31713269914173   -3.31298720482129   
-0.648              -3.31749488688053   -3.31322590926187   
-0.646              -3.31742932162353   -3.31303785166181   
-0.644              -3.31693395940798   -3.31242110072461   
-0.642              -3.31600681495423   -3.31137378373939   
-0.64               -3.31464596232721   -3.30989408714874   
-0.638              -3.31284953558927   -3.30798025710813   
-0.636              -3.31061572944396   -3.30563060003682   
-0.634              -3.30794279987075   -3.3028434831599    
-0.632              -3.30482906475037   -3.29961733504161   
-0.63               -3.30127290448061   -3.29595064610955   
-0.628              -3.29727276258251   -3.29184196916982   
-0.626              -3.29282714629646   -3.28728991991285   
-0.624              -3.28793462716837   -3.28229317740979   
-0.622              -3.28259384162547   -3.2768504845994    
-0.62               -3.27680349154165   -3.27096064876523   
-0.618              -3.27056234479221   -3.26462254200297   
-0.616              -3.26386923579765   -3.2578351016779    
-0.614              -3.2567230660566    -3.25059733087224   
-0.612              -3.24912280466747   -3.24290829882229   
-0.61               -3.24106748883877   -3.23476714134531   
-0.608              -3.23255622438784   -3.22617306125583   
-0.606              -3.22358818622799   -3.21712532877155   
-0.604              -3.21416261884362   -3.20762328190841   
-0.602              -3.20427883675344   -3.19766632686498   
-0.6                -3.19393622496135   -3.18725393839579   
-0.598              -3.18313423939507   -3.17638566017375   
-0.596              -3.17187240733218   -3.16506110514134   
-0.594              -3.16015032781347   -3.15327995585061   
-0.592              -3.14796767204353   -3.1410419647917    
-0.59               -3.13532418377822   -3.12834695471002   
-0.588              -3.12221967969917   -3.11519481891175   
-0.586              -3.10865404977485   -3.10158552155768   
-0.584              -3.0946272576083    -3.08751909794531   
-0.582              -3.08013934077128   -3.072995654779     
-0.58               -3.06519041112471   -3.0580153704282    
-0.578              -3.04978065512528   -3.04257849517355   
-0.576              -3.03391033411807   -3.02668535144087   
-0.574              -3.01757978461516   -3.01033633402283   
-0.572              -3.00078941855987   -2.99353191028837   
-0.57               -2.98353972357685   -2.97627262037957   
-0.568              -2.96583126320752   -2.9585590773961    
-0.566              -2.94766467713109   -2.94039196756703   
-0.564              -2.92904068137084   -2.92177205041      
-0.562              -2.90996006848553   -2.90270015887759   
-0.56               -2.89042370774609   -2.88317719949091   
-0.558              -2.87043254529712   -2.86320415246029   
-0.556              -2.84998760430342   -2.84278207179296   
-0.554              -2.82908998508129   -2.82191208538777   
-0.552              -2.80774086521454   -2.80059539511674   
-0.55               -2.78594149965517   -2.77883327689353   
-0.548              -2.76369322080853   -2.7566270807286    
-0.546              -2.74099743860304   -2.73397823077118   
-0.544              -2.71785564054425   -2.71088822533784   
-0.542              -2.69426939175322   -2.68735863692778   
-0.54               -2.67024033498919   -2.66339111222454   
-0.538              -2.64577019065643   -2.63898737208439   
-0.536              -2.62086075679521   -2.61414921151109   
-0.534              -2.59551390905686   -2.58887849961714   
-0.532              -2.56973160066286   -2.56317717957141   
-0.53               -2.54351586234789   -2.53704726853316   
-0.528              -2.51686880228686   -2.51049085757234   
-0.526              -2.48979260600577   -2.48351011157626   
-0.524              -2.46228953627647   -2.45610726914246   
-0.522              -2.43436193299524   -2.4282846424579    
-0.52               -2.40601221304522   -2.4000446171643    
-0.518              -2.3772428701425    -2.37138965220976   
-0.516              -2.34805647466608   -2.34232227968652   
-0.514              -2.31845567347158   -2.31284510465488   
-0.512              -2.28844318968857   -2.28296080495338   
-0.51               -2.25802182250178   -2.252672130995     
-0.508              -2.22719444691589   -2.22198190554964   
-0.506              -2.19596401350423   -2.19089302351265   
-0.504              -2.16433354814102   -2.15940845165955   
-0.502              -2.13230615171753   -2.12753122838694   
-0.5                -2.0998849998419    -2.09526446343948   
-0.498              -2.06707334252278   -2.0626113376231    
-0.496              -2.03387450383682   -2.02957510250439   
-0.494              -2.00029188157993   -1.99615908009613   
-0.492              -1.96632894690245   -1.96236666252912   
-0.49               -1.93198924392828   -1.92820131171013   
-0.488              -1.89727638935785   -1.89366655896621   
-0.486              -1.86219407205518   -1.8587660046752    
-0.484              -1.82674605261898   -1.82350331788261   
-0.482              -1.79093616293785   -1.78788223590481   
-0.48               -1.75476830572959   -1.75190656391859   
-0.478              -1.71824645406482   -1.71558017453716   
-0.476              -1.6813746508749    -1.67890700737261   
-0.474              -1.64415700844411   -1.64189106858484   
-0.472              -1.60659770788643   -1.60453643041706   
-0.47               -1.56870099860671   -1.56684723071787   
-0.468              -1.53047119774657   -1.52882767245001   
-0.466              -1.49191268961493   -1.49048202318582   
-0.464              -1.45302992510334   -1.4518146145894    
-0.462              -1.41382742108627   -1.41282984188571   
-0.46               -1.37430975980632   -1.37353216331643   
-0.458              -1.33448158824459   -1.33392609958285   
-0.456              -1.29434761747623   -1.29401623327581   
-0.454              -1.25391262201137   -1.25380720829265   
-0.452              -1.21318143912144   -1.21330372924142   
-0.45               -1.17215896815112   -1.17251056083228   
-0.448              -1.13085016981596   -1.13143252725628   
-0.446              -1.0892600654858    -1.09007451155155   
-0.444              -1.04739373645426   -1.04844145495697   
-0.442              -1.00525632319425   -1.00653835625343   
-0.44               -0.962853024599717  -0.964370271092839  
-0.438              -0.920189097213882  -0.921942311314875  
-0.436              -0.877269854443941  -0.879259644251597  
-0.434              -0.834100665762491  -0.836327492020071  
-0.432              -0.790686955895841  -0.793151130803086  
-0.43               -0.747034203999322  -0.749735890118052  
-0.428              -0.70314794281979   -0.70608715207419   
-0.426              -0.659033757845492  -0.662210350618168  
-0.424              -0.614697286443465  -0.618110970768231  
-0.422              -0.570144216984635  -0.573794547837007  
-0.42               -0.525380287956812  -0.529266666643059  
-0.418              -0.480411287065748  -0.484532960711346  
-0.416              -0.435243050324465  -0.439599111462675  
-0.414              -0.389881461131017  -0.394470847392327  
-0.412              -0.344332449334901  -0.34915394323792   
-0.41               -0.298601990292303  -0.303654219136711  
-0.408              -0.252696103910386  -0.257977539772417  
-0.406              -0.206620853680808  -0.21212981351173   
-0.404              -0.160382345702698  -0.166116991530639  
-0.402              -0.113986727695269  -0.119945066930734  
-0.4                -0.0674401880003157 -0.0736200738455905 
-0.398              -0.0207489545747766 -0.0271480865374437 
-0.396              0.0260807060263979  0.0194647815157637  
-0.394              0.073042489676868   0.0662123785427444  
-0.392              0.120130055714782   0.113088515410546   
-0.39               0.167337027987696   0.160086966565327   
-0.388              0.2146569959063     0.20720147098214    
-0.386              0.262083515506722   0.254425733123481   
-0.384              0.309610110521176   0.301753423906526   
-0.382              0.357230273456746   0.349178181678808   
-0.38               0.404937466682005   0.396693613202233   
-0.378              0.45272512352131    0.444293294645215   
-0.376              0.500586649356478   0.491970772582798   
-0.374              0.548515422735617   0.539719565004549   
-0.372              0.596504796488867   0.587533162330092   
-0.37               0.644548098850806   0.635405028432057   
-0.368              0.692638634589277   0.683328601666309   
-0.366              0.740769686140371   0.731297295909231   
-0.364              0.788934514749331   0.779304501601923   
-0.362              0.837126361617117   0.827343586801078   
-0.36               0.885338449052381   0.875407898236409   
-0.358              0.933563981628592   0.92349076237437    
-0.356              0.981796147346052   0.971585486488047   
-0.354              1.03002811879856    1.01968535973296    
-0.352              1.07825305434445    1.06778365422866    
-0.35               1.12646409928175    1.11587362614582    
-0.348              1.17465438702718    1.16394851679872    
-0.346              1.22281704029878    1.21200155374291    
-0.344              1.27094517230184    1.26002595187776    
-0.342              1.31903188791795    1.30801491455383    
-0.34               1.36707028489677    1.35596163468477    
-0.338              1.41505345505042    1.4038592958635     
-0.336              1.46297448545012    1.45170107348266    
-0.334              1.51082645962485    1.49948013585888    
-0.332              1.55860245876173    1.54718964536078    
-0.33               1.60629556290794    1.59482275954057    
-0.328              1.65389885217377    1.64237263226884    
-0.326              1.70140540793671    1.68983241487248    
-0.324              1.74880831404618    1.73719525727552    
-0.322              1.79610065802868    1.78445430914255    
-0.32               1.84327553229309    1.83160272102466    
-0.318              1.89032603533588    1.87863364550753    
-0.316              1.93724527294597    1.92554023836159    
-0.314              1.98402635940884    1.97231565969396    
-0.312              2.03066241870992    2.01895307510193    
-0.31               2.07714658573661    2.06544565682788    
-0.308              2.12347200747909    2.11178658491517    
-0.306              2.16963184422922    2.15796904836514    
-0.304              2.21561927077768    2.20398624629467    
-0.302              2.26142747760883    2.24983138909421    
-0.3                2.30704967209304    2.29549769958614    
-0.298              2.35247907967645    2.34097841418306    
-0.296              2.39770894506758    2.38626678404595    
-0.294              2.44273253342089    2.43135607624184    
-0.292              2.48754313151667    2.47623957490087    
-0.29               2.53213404893734    2.52091058237247    
-0.288              2.57649861923968    2.56536242038046    
-0.286              2.62063020112288    2.60958843117674    
-0.284              2.66452217959204    2.65358197869356    
-0.282              2.70816796711702    2.69733644969388    
-0.28               2.75156100478625    2.74084525491987    
-0.278              2.79469476345536    2.78410183023903    
-0.276              2.83756274489037    2.82709963778799    
-0.274              2.88015848290518    2.86983216711355    
-0.272              2.92247554449309    2.91229293631089    
-0.27               2.9645075309522     2.95447549315856    
-0.268              3.00624807900449    2.9963734162502     
-0.266              3.04769086190808    3.03798031612266    
-0.264              3.0888295905629     3.07928983638031    
-0.262              3.12965801460905    3.12029565481534    
-0.26               3.17016992351803    3.1609914845238     
-0.258              3.21035914767638    3.20137107501719    
-0.256              3.25021955946164    3.24142821332936    
-0.254              3.28974507431028    3.28115672511845    
-0.252              3.32892965177757    3.32055047576382    
-0.25               3.36776729658904    3.35960337145747    
-0.248              3.40625205968335    3.39830936029       
-0.246              3.44437803924643    3.43666243333074    
-0.244              3.48213938173663    3.47465662570189    
-0.242              3.51953028290064    3.51228601764642    
-0.24               3.55654498878013    3.54954473558954    
-0.238              3.59317779670879    3.58642695319351    
-0.236              3.62942305629962    3.62292689240558    
-0.234              3.66527517042224    3.65903882449887    
-0.232              3.70072859617022    3.69475707110594    
-0.23               3.73577784581793    3.73007600524485    
-0.228              3.77041748776709    3.76499005233754    
-0.226              3.80464214748255    3.79949369122023    
-0.224              3.8384465084173     3.83358145514581    
-0.222              3.87182531292653    3.86724793277775    
-0.22               3.9047733631705     3.9004877691756     
-0.218              3.9372855220061     3.93329566677168    
-0.216              3.96935671386701    3.96566638633887    
-0.214              4.00098192563217    3.99759474794928    
-0.212              4.03215620748255    4.02907563192351    
-0.21               4.06287467374597    4.06010397977046    
-0.208              4.09313250372986    4.09067479511739    
-0.206              4.12292494254189    4.12078314463006    
-0.204              4.15224730189821    4.15042415892275    
-0.202              4.18109496091924    4.17959303345804    
-0.2                4.20946336691292    4.20828502943603    
-0.198              4.23734803614516    4.23649547467296    
-0.196              4.26474455459755    4.26421976446893    
-0.194              4.29164857871208    4.29145336246465    
-0.192              4.31805583612272    4.3181918014869     
-0.19               4.34396212637397    4.34443068438266    
-0.188              4.36936332162599    4.37016568484169    
-0.186              4.39425536734642    4.39539254820732    
-0.184              4.41863428298866    4.42010709227537    
-0.182              4.4424961626566     4.44430520808104    
-0.18               4.46583717575569    4.46798286067341    
-0.178              4.48865356763017    4.49113608987777    
-0.176              4.51094166018649    4.51376101104516    
-0.174              4.53269785250283    4.53585381578934    
-0.172              4.55391862142451    4.55741077271082    
-0.17               4.57460052214544    4.57842822810786    
-0.168              4.59474018877527    4.59890260667428    
-0.166              4.6143343348924     4.61883041218399    
-0.164              4.63337975408269    4.63820822816196    
-0.162              4.65187332046376    4.65703271854163    
-0.16               4.66981198919495    4.67530062830854    
-0.158              4.68719279697275    4.69300878413005    
-0.156              4.70401286251174    4.71015409497102    
-0.154              4.72026938701101    4.72673355269531    
-0.152              4.73595965460585    4.74274423265306    
-0.15               4.75108103280491    4.75818329425341    
-0.148              4.76563097291264    4.77304798152275    
-0.146              4.77960701043698    4.78733562364833    
-0.144              4.79300676548232    4.80104363550697    
-0.142              4.80582794312767    4.81416951817898    
-0.14               4.81806833379007    4.82671085944693    
-0.138              4.82972581357312    4.83866533427945    
-0.136              4.84079834460071    4.85003070529964    
-0.134              4.85128397533587    4.86080482323821    
-0.132              4.86118084088477    4.8709856273712     
-0.13               4.87048716328586    4.88057114594211    
-0.128              4.87920125178406    4.88955949656844    
-0.126              4.8873215030902     4.89794888663244    
-0.124              4.89484640162542    4.90573761365615    
-0.122              4.90177451975083    4.91292406566042    
-0.12               4.90810451798219    4.91950672150804    
-0.118              4.91383514518984    4.92548415123079    
-0.116              4.91896523878368    4.93085501634032    
-0.114              4.92349372488337    4.93561807012289    
-0.112              4.92741961847373    4.93977215791775    
-0.11               4.93074202354526    4.94331621737922    
-0.108              4.93346013322002    4.94624927872244    
-0.106              4.93557322986263    4.94857046495248    
-0.104              4.93708068517664    4.95027899207715    
-0.102              4.93798196028619    4.95137416930304    
-0.1                4.93827660580301    4.95185539921506    
-0.098              4.9379642618788     4.95172217793931    
-0.096              4.93704465824303    4.95097409528918    
-0.094              4.93551761422623    4.94961083489474    
-0.092              4.93338303876873    4.94763217431541    
-0.09               4.93064093041501    4.94503798513566    
-0.088              4.9272913772936     4.94182823304405    
-0.086              4.92333455708263    4.93800297789527    
-0.084              4.91877073696111    4.93356237375539    
-0.082              4.91360027354594    4.92850666893007    
-0.08               4.9078236128147     4.92283620597603    
-0.078              4.90144129001436    4.91655142169542    
-0.076              4.89445392955584    4.90965284711337    
-0.074              4.88686224489465    4.90214110743851    
-0.072              4.87866703839748    4.89401692200659    
-0.07               4.86986920119497    4.88528110420718    
-0.0679999999999999 4.86046971302061    4.87593456139337    
-0.0659999999999999 4.85046964203597    4.86597829477456    
-0.0639999999999999 4.8398701446421     4.85541339929241    
-0.0620000000000001 4.82867246527751    4.84424106347979    
-0.0600000000000001 4.81687793620241    4.8324625693029     
-0.0580000000000001 4.80448797726969    4.82007929198658    
-0.056              4.79150409568231    4.80709269982267    
-0.054              4.77792788573757    4.79350435396173    
-0.052              4.76376102855797    4.77931590818787    
-0.05               4.74900529180911    4.76452910867692    
-0.048              4.7336625294043     4.7491457937379     
-0.046              4.71773468119641    4.73316789353786    
-0.044              4.70122377265662    4.71659742981011    
-0.042              4.68413191454049    4.6994365155459     
-0.04               4.66646130254122    4.68168735466967    
-0.038              4.64821421693031    4.66335224169778    
-0.036              4.62939302218561    4.64443356138097    
-0.034              4.61000016660695    4.62493378833046    
-0.032              4.59003818191938    4.60485548662777    
-0.03               4.5695096828641     4.58420130941854    
-0.028              4.54841736677721    4.56297399849005    
-0.026              4.52676401315639    4.54117638383287    
-0.024              4.50455248321548    4.51881138318656    
-0.022              4.48178571942724    4.49588200156948    
-0.02               4.45846674505422    4.47239133079287    
-0.018              4.43459866366796    4.44834254895926    
-0.016              4.41018465865652    4.42373891994534    
-0.014              4.38522799272049    4.39858379286929    
-0.012              4.35973200735756    4.37288060154276    
-0.01               4.33370012233575    4.34663286390764    
-0.008000000000000014.30713583515544    4.31984418145757    
-0.006000000000000014.28004272050017    4.29251823864448    
-0.004              4.25242442967652    4.26465880227011    
-0.002              4.22428469004294    4.2362697208628     
0                   4.19562730442782    4.20735492403948    
0.002               4.16645615053674    4.17791842185317    
0.004               4.13677518034917    4.14796430412591    
0.00600000000000001 4.10658841950459    4.11749673976752    
0.00800000000000001 4.07589996667812    4.08651997607999    
0.01                4.04471399294595    4.05503833804792    
0.012               4.0130347411404     4.023056227615      
0.014               3.98086652519495    3.99057812294671    
0.016               3.94821372947918    3.95760857767937    
0.018               3.91508080812385    3.92415222015568    
0.02                3.88147228433611    3.89021375264693    
0.022               3.84739274970501    3.85579795056203    
0.024               3.81284686349743    3.82090966164343    
0.026               3.77783935194445    3.78555380515021    
0.028               3.74237500751837    3.74973537102842    
0.03                3.7064586882004     3.71345941906885    
0.032               3.6700953167392     3.6767310780524     
0.034               3.63328987990025    3.6395555448832     
0.036               3.59604742770634    3.60193808370967    
0.038               3.55837307266909    3.56388402503371    
0.04                3.52027198901179    3.52539876480809    
0.042               3.48174941188351    3.4864877635224     
0.044               3.44281063656466    3.44715654527752    
0.046               3.4034610176641     3.40741069684899    
0.048               3.36370596830794    3.36725586673933    
0.05                3.32355095932006    3.32669776421953    
0.052               3.28300151839447    3.28574215836       
0.054               3.24206322925972    3.24439487705091    
0.056               3.20074173083533    3.20266180601245    
0.0580000000000001  3.15904271638042    3.16054888779495    
0.0600000000000001  3.11697193263464    3.11806212076912    
0.0620000000000001  3.07453517895152    3.07520755810668    
0.0640000000000001  3.03173830642427    3.03199130675151    
0.0660000000000001  2.98858721700427    2.9884195263815     
0.0680000000000001  2.94508786261224    2.94449842836144    
0.0700000000000001  2.90124624424227    2.90023427468689    
0.0720000000000001  2.85706841105878    2.85563337691958    
0.0740000000000001  2.81256045948649    2.8107020951143     
0.0760000000000001  2.76772853229369    2.76544683673748    
0.0780000000000001  2.72257881766858    2.71987405557791    
0.0800000000000001  2.67711754828919    2.67399025064955    
0.0820000000000001  2.63135100038664    2.62780196508677    
0.0840000000000001  2.5852854928021     2.58131578503223    
0.0860000000000001  2.53892738603744    2.53453833851762    
0.0880000000000001  2.49228308129964    2.48747629433743    
0.0900000000000001  2.44535901953927    2.44013636091605    
0.0920000000000001  2.39816168048288    2.39252528516831    
0.0940000000000001  2.35069758165966    2.34464985135383    
0.0960000000000001  2.30297327742232    2.29651687992528    
0.0980000000000001  2.25499535796238    2.24813322637079    
0.1                 2.20677044831996    2.19950578005083    
0.102               2.15830520738819    2.15064146302971    
0.104               2.10960632691239    2.10154722890185    
0.106               2.06068053048401    2.05223006161328    
0.108               2.01153457252967    2.00269697427838    
0.11                1.96217523729519    1.95295500799214    
0.112               1.91260933782482    1.90301123063828    
0.114               1.86284371493589    1.85287273569333    
0.116               1.81288523618881    1.80254664102698    
0.118               1.76274079485267    1.7520400876989     
0.12                1.71241730886651    1.70136023875229    
0.122               1.66192171979642    1.65051427800433    
0.124               1.61126099178857    1.59950940883389    
0.126               1.56044211051827    1.54835285296662    
0.128               1.50947208213519    1.49705184925763    
0.13                1.45835793220498    1.44561365247224    
0.132               1.40710670464719    1.39404553206463    
0.134               1.35572546066986    1.34235477095505    
0.136               1.3042212777007     1.2905486643055     
0.138               1.25260124831515    1.23863451829434    
0.14                1.20087247916137    1.18661964888987    
0.142               1.14904208988228    1.13451138062336    
0.144               1.09711721203485    1.08231704536148    
0.146               1.04510498800667    1.03004398107863    
0.148               0.99301256993008    0.977699530629244   
0.15                0.940847118593809   0.925291040520328   
0.152               0.888615802352458   0.872825859684545   
0.154               0.836325796033803   0.820311338253995   
0.156               0.783984279844152   0.767754826334966   
0.158               0.731598438271854   0.715163672783885   
0.16                0.679175458989118   0.66254522398471    
0.162               0.626722531752282   0.609906822627981   
0.164               0.574246847300668   0.557255806491778   
0.166               0.521755596254181   0.504599507224807   
0.168               0.469255968009782   0.451945249131864   
0.17                0.416755149636999   0.399300347961885   
0.172               0.364260324772618   0.346672109698828   
0.174               0.311778672514695   0.294067829355619   
0.176               0.25931736631606    0.241494789771374   
0.178               0.206883572877446   0.188960260412149   
0.18                0.154484451040411   0.136471496175421   
0.182               0.102127150680203   0.0840357361985421  
0.184               0.0498188115987194  0.0316602026713889  
0.186               -0.00243343758226566-0.0206479003465746 
0.188               -0.0546224805274637 -0.0728813881045928 
0.19                -0.106741214293858  -0.125033096334053  
0.192               -0.158782550435734  -0.177095882416839  
0.194               -0.210739416108834  -0.22906262654838   
0.196               -0.262604755173407  -0.280926232895191  
0.198               -0.314371529296056  -0.332679630746665  
0.2                 -0.366032719050164  -0.384315775660928  
0.202               -0.417581325014751  -0.435827650604524  
0.204               -0.469010368871601  -0.487208267085729  
0.206               -0.520312894500457  -0.538450666281277  
0.208               -0.571481969072147  -0.589547920156298  
0.21                -0.622510684139443  -0.640493132577247  
0.212               -0.673392156725482  -0.691279440417638  
0.214               -0.724119530409586  -0.74190001465636   
0.216               -0.774685976410273  -0.792348061468384  
0.218               -0.825084694665329  -0.842616823307662  
0.22                -0.875308914908693  -0.892699579982014  
0.222               -0.925351897744046  -0.942589649719809  
0.224               -0.975206935714867  -0.992280390228254  
0.226               -1.02486735437079   -1.04176519974307   
0.228               -1.07432651333011   -1.09103751806943   
0.23                -1.12357780733816   -1.14009082761387   
0.232               -1.17261466732149   -1.18891865440707   
0.234               -1.2214305614376    -1.23751456911731   
0.236               -1.27001899611996   -1.28587218805441   
0.238               -1.31837351711835   -1.33398517416391   
0.24                -1.36648771053404   -1.38184723801142   
0.242               -1.41435520384985   -1.42945213875692   
0.244               -1.46196966695481   -1.47679368511881   
0.246               -1.50932481316315   -1.52386573632758   
0.248               -1.55641440022763   -1.57066220306889   
0.25                -1.60323223134676   -1.61717704841597   
0.252               -1.64977215616593   -1.66340428875104   
0.254               -1.69602807177209   -1.7093379946758    
0.256               -1.74199392368197   -1.75497229191057   
0.258               -1.78766370682339   -1.80030136218217   
0.26                -1.8330314665097    -1.84531944410022   
0.262               -1.87809129940702   -1.89002083402182   
0.264               -1.92283735449412   -1.93439988690434   
0.266               -1.96726383401471   -1.97845101714627   
0.268               -2.011364994422     -2.02216869941605   
0.27                -2.05513514731527   -2.06554746946853   
0.272               -2.09856866036828   -2.10858192494908   
0.274               -2.14165995824928   -2.15126672618526   
0.276               -2.18440352353255   -2.19359659696575   
0.278               -2.22679389760102   -2.23556632530652   
0.28                -2.26882568154008   -2.27717076420417   
0.282               -2.31049353702207   -2.31840483237611   
0.284               -2.35179218718155   -2.35926351498774   
0.286               -2.39271641748085   -2.39974186436627   
0.288               -2.43326107656597   -2.43983500070118   
0.29                -2.47342107711245   -2.47953811273123   
0.292               -2.51319139666108   -2.51884645841785   
0.294               -2.55256707844326   -2.55775536560478   
0.296               -2.59154323219578   -2.59626023266401   
0.298               -2.63011503496481   -2.63435652912772   
0.3                 -2.66827773189903   -2.67203979630628   
0.302               -2.70602663703149   -2.70930564789212   
0.304               -2.74335713405019   -2.74614977054944   
0.306               -2.78026467705709   -2.78256792448965   
0.308               -2.81674479131541   -2.81855594403246   
0.31                -2.85279307398499   -2.8541097381525    
0.312               -2.88840519484553   -2.88922529101144   
0.314               -2.92357689700751   -2.92389866247561   
0.316               -2.95830399761066   -2.9581259886188    
0.318               -2.99258238850973   -2.99190348221049   
0.32                -3.02640803694736   -3.02522743318916   
0.322               -3.05977698621396   -3.05809420912086   
0.324               -3.09268535629433   -3.09050025564278   
0.326               -3.12512934450084   -3.12244209689191   
0.328               -3.15710522609314   -3.1539163359186    
0.33                -3.18860935488394   -3.18491965508519   
0.332               -3.21963816383099   -3.21544881644936   
0.334               -3.25018816561489   -3.24550066213243   
0.336               -3.28025595320263   -3.27507211467244   
0.338               -3.30983820039671   -3.30416017736196   
0.34                -3.3389316623696    -3.33276193457069   
0.342               -3.36753317618346   -3.36087455205269   
0.344               -3.39563966129495   -3.38849527723836   
0.346               -3.42324812004489   -3.41562143951098   
0.348               -3.45035563813274   -3.44225045046801   
0.35                -3.4769593850756    -3.46837980416685   
0.352               -3.50305661465178   -3.49400707735534   
0.354               -3.52864466532857   -3.51912992968672   
0.356               -3.5537209606742    -3.54374610391931   
0.358               -3.57828300975386   -3.56785342610062   
0.36                -3.60232840750962   -3.59144980573615   
0.362               -3.62585483512398   -3.6145332359427    
0.364               -3.64886006036722   -3.63710179358631   
0.366               -3.6713419379281    -3.65915363940474   
0.368               -3.69329840972801   -3.68068701811456   
0.37                -3.71472750521834   -3.70170025850291   
0.372               -3.73562734166099   -3.72219177350384   
0.374               -3.75599612439192   -3.74216006025929   
0.376               -3.7758321470676    -3.76160370016481   
0.378               -3.79513379189427   -3.78052135889993   
0.38                -3.81389952983988   -3.79891178644329   
0.382               -3.83212792082872   -3.81677381707254   
0.384               -3.84981761391848   -3.834106369349     
0.386               -3.86696734745978   -3.85090844608724   
0.388               -3.88357594923804   -3.86717913430948   
0.39                -3.89964233659763   -3.88291760518495   
0.392               -3.91516551654817   -3.89812311395421   
0.394               -3.930144585853     -3.91279499983854   
0.396               -3.94457873109962   -3.92693268593433   
0.398               -3.95846722875219   -3.94053567909273   
0.4                 -3.97180944518596   -3.95360356978438   
0.402               -3.98460483670349   -3.96613603194949   
0.404               -3.99685294953281   -3.97813282283322   
0.406               -4.00855341980727   -3.98959378280643   
0.408               -4.01970597352717   -4.00051883517194   
0.41                -4.03031042650314   -4.01090798595632   
0.412               -4.04036668428111   -4.02076132368729   
0.414               -4.04987474204902   -4.03007901915684   
0.416               -4.05883468452511   -4.0388613251701    
0.418               -4.06724668582787   -4.04710857628012   
0.42                -4.07511100932758   -4.05482118850856   
0.422               -4.08242800747945   -4.06199965905249   
0.424               -4.08919812163842   -4.06864456597724   
0.426               -4.09542188185548   -4.07475656789556   
0.428               -4.10109990665575   -4.0803364036331    
0.43                -4.10623290279807   -4.08538489188028   
0.432               -4.11082166501633   -4.08990293083077   
0.434               -4.1148670757425    -4.09389149780654   
0.436               -4.11837010481135   -4.09735164886972   
0.438               -4.12133180914695   -4.1002845184213    
0.44                -4.12375333243096   -4.10269131878679   
0.442               -4.12563590475283   -4.10457333978902   
0.444               -4.1269808422418    -4.10593194830807   
0.446               -4.12778954668105   -4.10676858782865   
0.448               -4.12806350510364   -4.10708477797481   
0.45                -4.12780428937081   -4.10688211403231   
0.452               -4.12701355573227   -4.10616226645865   
0.454               -4.12569304436885   -4.10492698038095   
0.456               -4.12384457891746   -4.10317807508184   
0.458               -4.12147006597851   -4.10091744347336   
0.46                -4.11857149460586   -4.09814705155916   
0.462               -4.11515093577943   -4.09486893788505   
0.464               -4.11121054186051   -4.09108521297807   
0.466               -4.10675254603      -4.08679805877423   
0.468               -4.1017792617096    -4.08200972803498   
0.47                -4.09629308196611   -4.07672254375273   
0.472               -4.09029647889896   -4.07093889854535   
0.474               -4.08379200301113   -4.06466125404      
0.476               -4.07678228256362   -4.05789214024627   
0.478               -4.06927002291348   -4.05063415491893   
0.48                -4.06125800583575   -4.04288996291035   
0.482               -4.05274908882934   -4.03466229551276   
0.484               -4.04374620440701   -4.02595394979053   
0.486               -4.0342523593697    -4.01676778790264   
0.488               -4.02427063406528   -4.00710673641544   
0.49                -4.01380418163197   -3.99697378560595   
0.492               -4.00285622722662   -3.98637198875577   
0.494               -3.99143006723792   -3.97530446143585   
0.496               -3.97952906848491   -3.96377438078225   
0.498               -3.96715666740085   -3.95178498476297   
0.5                 -3.95431636920269   -3.93933957143628   
0.502               -3.94101174704638   -3.92644149820033   
0.504               -3.92724644116817   -3.91309418103464   
0.506               -3.91302415801219   -3.89930109373325   
0.508               -3.89834866934447   -3.88506576713003   
0.51                -3.88322381135362   -3.87039178831605   
0.512               -3.86765348373848   -3.85528279984943   
0.514               -3.85164164878287   -3.8397424989577    
0.516               -3.83519233041773   -3.8237746367328    
0.518               -3.81830961327096   -3.8073830173191    
0.52                -3.80099764170502   -3.79057149709445   
0.522               -3.78326061884272   -3.77334398384448   
0.524               -3.76510280558143   -3.75570443593035   
0.526               -3.74652851959583   -3.73765686145014   
0.528               -3.72754213432965   -3.71920531739405   
0.53                -3.70814807797653   -3.70035390879358   
0.532               -3.68835083245032   -3.68110678786489   
0.534               -3.6681549323451    -3.66146815314655   
0.536               -3.6475649638852    -3.64144224863179   
0.538               -3.62658556386544   -3.62103336289552   
0.54                -3.60522141858199   -3.60024582821629   
0.542               -3.58347726275398   -3.57908401969332   
0.544               -3.56135787843633   -3.55755235435882   
0.546               -3.53886809392391   -3.53565529028585   
0.548               -3.51601278264746   -3.51339732569182   
0.55                -3.49279686206156   -3.49078299803783   
0.552               -3.46922529252481   -3.46781688312409   
0.554               -3.4453030761727    -3.44450359418159   
0.556               -3.42103525578341   -3.42084778096017   
0.558               -3.3964269136368    -3.39685412881319   
0.56                -3.37148317036695   -3.37252735777908   
0.562               -3.34620918380857   -3.34787222165983   
0.564               -3.32061014783757   -3.32289350709663   
0.566               -3.29469129120609   -3.29759603264299   
0.568               -3.26845787637238   -3.27198464783533   
0.57                -3.24191519832575   -3.24606423226133   
0.572               -3.21506858340702   -3.21983969462632   
0.574               -3.18792338812464   -3.19331597181763   
0.576               -3.16048499796706   -3.16649802796739   
0.578               -3.13275882621131   -3.13939085351383   
0.58                -3.10475031272851   -3.11199946426116   
0.582               -3.07646492278633   -3.08432890043847   
0.584               -3.0479081458489    -3.05638422575759   
0.586               -3.01908549437441   -3.02817052647025   
0.588               -2.99000250261081   -2.99969291042468   
0.59                -2.96066472538986   -2.97095650612181   
0.592               -2.93107773691988   -2.94196646177129   
0.594               -2.90124712957759   -2.91272794434752   
0.596               -2.87117851269932   -2.88324613864579   
0.598               -2.84087751137186   -2.85352624633884   
0.6                 -2.81034976522343   -2.82357348503397   
0.602               -2.77960092721496   -2.79339308733076   
0.604               -2.74863666243211   -2.76299029987987   
0.606               -2.71746264687825   -2.73237038244269   
0.608               -2.68608456626885   -2.7015386069525    
0.61                -2.65450811482752   -2.67050025657683   
0.612               -2.62273899408408   -2.63926062478159   
0.614               -2.5907829116749    -2.60782501439694   
0.616               -2.55864558014599   -2.57619873668507   
0.618               -2.52633271575901   -2.5443871104102    
0.62                -2.49385003730055   -2.51239546091085   
0.622               -2.4612032648951    -2.48022911917453   
0.624               -2.42839811882193   -2.44789342091518   
0.626               -2.39544031833621   -2.41539370565339   
0.628               -2.3623355804947    -2.38273531579952   
0.63                -2.32908961898637   -2.34992359574015   
0.632               -2.29570814296817   -2.31696389092764   
0.634               -2.2621968559063    -2.28386154697334   
0.636               -2.22856145442328   -2.25062190874433   
0.638               -2.19480762715123   -2.21725031946405   
0.64                -2.1609410535914    -2.1837521198168    
0.642               -2.12696740298057   -2.15013264705644   
0.644               -2.09289233316434   -2.11639723411932   
0.646               -2.0587214894778    -2.08255120874169   
0.648               -2.02446050363375   -2.04859989258163   
0.65                -1.99011499261881   -2.01454860034579   
0.652               -1.95569055759768   -1.98040263892096   
0.654               -1.92119278282587   -1.9461673065107    
0.656               -1.88662723457112   -1.9118478917772    
0.658               -1.85199946004381   -1.87744967298837   
0.66                -1.81731498633669   -1.84297791717051   
0.662               -1.78257931937402   -1.80843787926653   
0.664               -1.74779794287063   -1.77383480129997   
0.666               -1.71297631730094   -1.73917391154486   
0.668               -1.67811987887834   -1.70446042370168   
0.67                -1.64323403854505   -1.66969953607944   
0.672               -1.60832418097287   -1.63489643078409   
0.674               -1.57339566357492   -1.60005627291334   
0.676               -1.53845381552866   -1.56518420975807   
0.678               -1.5035039368104    -1.53028537001039   
0.68                -1.46855129724165   -1.49536486297857   
0.682               -1.43360113554728   -1.46042777780885   
0.684               -1.39865865842603   -1.42547918271436   
0.686               -1.36372903963331   -1.3905241242112    
0.688               -1.32881741907662   -1.35556762636182   
0.69                -1.29392890192384   -1.32061469002583   
0.692               -1.25906855772449   -1.2856702921183    
0.694               -1.22424141954424   -1.25073938487576   
0.696               -1.18945248311275   -1.21582689512989   
0.698               -1.15470670598521   -1.18093772358913   
0.7                 -1.12000900671751   -1.14607674412818   
0.702               -1.08536426405551   -1.11124880308565   
0.704               -1.05077731613827   -1.07645871856982   
0.706               -1.01625295971568   -1.04171127977269   
0.708               -0.981795949380441  -1.00701124629236   
0.71                -0.947410996814683  -0.972363347463986  
0.712               -0.913102770051316  -0.937772281699102  
0.714               -0.878875892750251  -0.903242715833761  
0.716               -0.844734943489644  -0.868779284485314  
0.718               -0.810684455072302  -0.834386589418029  
0.72                -0.776728913847352  -0.800069198917615  
0.722               -0.74287275904732   -0.765831647174728  
0.724               -0.709120382140723  -0.731678433677547  
0.726               -0.675476126200272  -0.697614022613482  
0.728               -0.641944285286825  -0.663642842280102  
0.73                -0.608529103849141  -0.629769284505356  
0.732               -0.575234776139577  -0.595997704077152  
0.734               -0.542065445645765  -0.562332418182361  
0.736               -0.509025204538394  -0.528777705855318  
0.738               -0.476118093135153  -0.495337807435881  
0.74                -0.443348099380887  -0.462016924037117  
0.742               -0.410719158344077  -0.428819217022652  
0.744               -0.378235151729641  -0.395748807493767  
0.746               -0.345899907408171  -0.362809775786289  
0.748               -0.31371719896161   -0.330006160977317  
0.75                -0.281690745245408  -0.297341960401845  
0.752               -0.249824209967239  -0.264821129179327  
0.754               -0.21812120128225   -0.232447579750227  
0.756               -0.186585271404901  -0.200225181422605  
0.758               -0.155219916237412  -0.168157759928771  
0.76                -0.124028575014815  -0.136249096992042  
0.762               -0.0930146299666312 -0.104502929903662  
0.764               -0.0621814059951661 -0.0729229511098898 
0.766               -0.0315321703704268 -0.0415128078093087 
0.768               -0.001070132441644  -0.0102761015603674 
0.77                0.0292015566346121  0.0207836121007969  
0.772               0.0592798041497477  0.051662824032243   
0.774               0.089161576081907   0.0823580718477958  
0.776               0.118843897318232   0.112865940268278   
0.778               0.148323851860637   0.143183061462381   
0.78                0.17759858301515    0.173306115377156   
0.782               0.206665293564875   0.203231830058134   
0.784               0.235521245926605   0.232956981959035   
0.786               0.264163762291174   0.262478396241072   
0.788               0.292590224747596   0.291792947061831   
0.79                0.320798075391045   0.320897557853745   
0.792               0.348784816414786   0.349789201592137   
0.794               0.376548010186092   0.378464901052832   
0.796               0.404085279306276   0.406921729059354   
0.798               0.431394306654877   0.435156808719697   
0.8                 0.458472835418139   0.463167313652696   
0.802               0.485318669101852   0.49095046820397    
0.804               0.511929671528664   0.51850354765149    
0.806               0.538303766819974   0.545823878400741   
0.808               0.56443893936252    0.572908838169546   
0.81                0.590333233759773   0.599755856162505   
0.812               0.615984754768255   0.626362413235107   
0.814               0.641391667218913   0.652726042047548   
0.816               0.666552195923678   0.678844327208231   
0.818               0.691464625567336   0.704714905407008   
0.82                0.716127300584847   0.730335465538187   
0.822               0.740538625024269   0.755703748813311   
0.824               0.764697062395414   0.780817548863776   
0.826               0.788601135504395   0.805674711833283   
0.828               0.812249426274211   0.830273136460172   
0.83                0.835640575551539   0.854610774149699   
0.832               0.858773282899875   0.878685629036245   
0.834               0.881646306379209   0.902495758035546   
0.836               0.904258462312377   0.92603927088695    
0.838               0.926608625038285   0.949314330185762   
0.84                0.948695726652164   0.97231915140573    
0.842               0.970518756733035   0.995052002911702   
0.844               0.992076762058569   1.0175112059625     
0.846               1.01336884630752    1.03969513470408    
0.848               1.03439416974993    1.06160221615307    
0.85                1.05515194892525    1.08323093017059    
0.852               1.07564145630868    1.1045798094266     
0.854               1.09586201996574    1.12564743935475    
0.856               1.11581302319546    1.14643245809772    
0.858               1.13549390416228    1.16693355644327    
0.86                1.15490415551684    1.18714947775088    
0.862               1.174043324006      1.20707901786923    
0.864               1.1929110100721     1.22672102504445    
0.866               1.21150686744187    1.24607439981924    
0.868               1.22983060270502    1.26513809492295    
0.87                1.24788197488286    1.28391111515273    
0.872               1.2656607949871     1.3023925172457     
0.874               1.28316692556902    1.32058140974236    
0.876               1.3004002802593     1.33847695284115    
0.878               1.3173608232987     1.35607835824448    
0.88                1.33404856905973    1.37338488899598    
0.882               1.35046358155969    1.39039585930936    
0.884               1.36660597396514    1.40711063438878    
0.886               1.38247590808815    1.42352863024087    
0.888               1.39807359387446    1.43964931347844    
0.89                1.41339928888388    1.45547220111608    
0.892               1.42845329776297    1.47099686035753    
0.894               1.44323597171051    1.48622290837518    
0.896               1.45774770793572    1.5011500120815     
0.898               1.47198894910955    1.51577788789273    
0.9                 1.48596018280942    1.53010630148474    
0.902               1.49966194095731    1.54413506754131    
0.904               1.51309479925181    1.55786404949481    
0.906               1.52625937659402    1.57129315925935    
0.908               1.5391563345078     1.58442235695666    
0.91                1.5517863765544     1.59725165063462    
0.912               1.56415024774181    1.60978109597859    
0.914               1.57624873392903    1.62201079601571    
0.916               1.58808266122551    1.63394090081219    
0.918               1.59965289538589    1.64557160716368    
0.92                1.61096034120047    1.65690315827889    
0.922               1.62200594188137    1.66793584345651    
0.924               1.63279067844486    1.67866999775556    
0.926               1.64331556908993    1.6891060016592     
0.928               1.65358166857337    1.69924428073226    
0.93                1.66359006758158    1.7090853052724     
0.932               1.67334189209936    1.71862958995517    
0.934               1.68283830277587    1.72787769347298    
0.936               1.692080494288      1.73683021816809    
0.938               1.70106969470132    1.74548780965982    
0.94                1.70980716482897    1.75385115646594    
0.942               1.71829419758846    1.7619209896185     
0.944               1.72653211735692    1.76969808227404    
0.946               1.73452227932471    1.77718324931853    
0.948               1.74226606884776    1.78437734696685    
0.95                1.74976490079887    1.7912812723572     
0.952               1.75702021891812    1.79789596314034    
0.954               1.76403349516254    1.8042223970639     
0.956               1.77080622905546    1.81026159155184    
0.958               1.77733994703546    1.81601460327915    
0.96                1.78363620180535    1.82148252774186    
0.962               1.78969657168131    1.82666649882264    
0.964               1.79552265994231    1.83156768835189    
0.966               1.80111609418009    1.83618730566456    
0.968               1.80647852564996    1.84052659715284    
0.97                1.8116116286224     1.84458684581468    
0.972               1.81651709973586    1.84836937079843    
0.974               1.82119665735085    1.85187552694365    
0.976               1.82565204090551    1.85510670431808    
0.978               1.82988501027288    1.85806432775115    
0.98                1.83389734511996    1.86074985636387    
0.982               1.83769084426886    1.86316478309538    
0.984               1.84126732506017    1.86531063422623    
0.986               1.84462862271864    1.86718896889852    
0.988               1.84777658972143    1.86880137863291    
0.99                1.85071309516913    1.87014948684285    
0.992               1.85344002415959    1.87123494834582    
0.994               1.85595927716482    1.87205944887203    
0.996               1.8582727694111     1.87262470457043    
0.998               1.8603824302624     1.87293246151227    
