-1                  0.352245339677415   0.35322690848236    
-0.998              0.352661639157956   0.353591484493959   
-0.996              0.353035072057915   0.353914985340375   
-0.994              0.353365330213006   0.354197059319105   
-0.992              0.353652108663065   0.354437358390349   
-0.99               0.353895105726673   0.354635538258239   
-0.988              0.354094023075843   0.354791258451953   
-0.986              0.354248565810775   0.354904182406703   
-0.984              0.354358442534654   0.35497397754457    
-0.982              0.354423365428486   0.355000315355189   
-0.98               0.354443050325952   0.354982871476245   
-0.978              0.354417216788258   0.35492132577378    
-0.976              0.354345588178988   0.354815362422296   
-0.974              0.354227891738921   0.354664669984621   
-0.972              0.354063858660806   0.354468941491539   
-0.97               0.353853224164095   0.354227874521163   
-0.968              0.353595727569587   0.353941171278028   
-0.966              0.353291112373998   0.353608538671896   
-0.964              0.352939126324418   0.353229688396249   
-0.962              0.352539521492669   0.352804337006463   
-0.96               0.352092054349504   0.352332205997635   
-0.958              0.351596485838681   0.351813021882057   
-0.956              0.351052581450849   0.351246516266312   
-0.954              0.350460111297274   0.35063242592798    
-0.952              0.349818850183352   0.349970492891936   
-0.95               0.349128577681912   0.349260464506225   
-0.948              0.348389078206293   0.348502093517494   
-0.946              0.34760014108317    0.347695138145964   
-0.944              0.346761560625113   0.346839362159934   
-0.942              0.345873136202876   0.345934534949786   
-0.94               0.344934672317379   0.344980431601482   
-0.938              0.343945978671381   0.343976832969545   
-0.936              0.342906870240824   0.342923525749487   
-0.934              0.341817167345823   0.341820302549685   
-0.932              0.340676695721297   0.340666961962675   
-0.93               0.339485286587218   0.339463308635867   
-0.928              0.338242776718456   0.338209153341635   
-0.926              0.336949008514212   0.336904313046792   
-0.924              0.33560383006702    0.335548610981423   
-0.922              0.334207095231286   0.334141876707048   
-0.92               0.332758663691376   0.332683946184128   
-0.918              0.3312584010292     0.331174661838861   
-0.916              0.329706178791312   0.329613872629278   
-0.914              0.328101874555465   0.32800143411062    
-0.912              0.326445371996657   0.326337208499956   
-0.91               0.32473656095259    0.324621064740064   
-0.908              0.322975337488579   0.322852878562521   
-0.906              0.321161603961859   0.321032532550011   
-0.904              0.319295269085286   0.319159916197827   
-0.902              0.317376247990403   0.317234925974543   
-0.9                0.31540446228988    0.315257465381858   
-0.898              0.31337984013927    0.313227445013573   
-0.896              0.311302316298098   0.311144782613708   
-0.894              0.309171832190256   0.309009403133722   
-0.892              0.306988335963667   0.306821238788843   
-0.89               0.304751782549234   0.304580229113466   
-0.888              0.302462133719023   0.30228632101563    
-0.886              0.30011935814369    0.299939468830536   
-0.884              0.297723431449113   0.297539634373107   
-0.882              0.295274336272228   0.295086786989565   
-0.88               0.292772062316038   0.292580903608013   
-0.878              0.290216606403783   0.290021968788007   
-0.876              0.287607972532264   0.287409974769108   
-0.874              0.284946171924278   0.284744921518383   
-0.872              0.282231223080178   0.282026816776864   
-0.87               0.279463151828509   0.27925567610493    
-0.868              0.276641991375737   0.276431522926606   
-0.866              0.273767782355014   0.273554388572769   
-0.864              0.270840572874003   0.270624312323235   
-0.862              0.267860418561715   0.267641341447725   
-0.86               0.264827382614353   0.264605531245692   
-0.858              0.261741535840152   0.261516945084985   
-0.856              0.258602956703183   0.258375654439362   
-0.854              0.25541173136612    0.255181738924802   
-0.852              0.252167953731941   0.251935286334644   
-0.85               0.248871725484556   0.248636392673498   
-0.848              0.245523156128342   0.245285162189956   
-0.846              0.242122363026561   0.241881707408054   
-0.844              0.238669471438663   0.238426149157497   
-0.842              0.235164614556438   0.234918616602625   
-0.84               0.231607933539015   0.231359247270106   
-0.838              0.227999577546688   0.22774818707535    
-0.836              0.22433970377355    0.224085590347627   
-0.834              0.220628477478923   0.220371619853883   
-0.832              0.216866072017571   0.216606446821228   
-0.83               0.213052668868677   0.212790250958113   
-0.828              0.209188457663569   0.20892322047415    
-0.826              0.205273636212178   0.205005552098591   
-0.824              0.201308410528226   0.201037451097447   
-0.822              0.197292994853112   0.197019131289229   
-0.82               0.193227611678493   0.192950815059312   
-0.818              0.189112491767542   0.188832733372903   
-0.816              0.18494787417487    0.184665125786616   
-0.814              0.1807340062651     0.180448240458621   
-0.812              0.176471143730074   0.176182334157391   
-0.81               0.172159550604688   0.171867672268999   
-0.808              0.167799499281333   0.167504528802997   
-0.806              0.163391270522936   0.16309318639683    
-0.804              0.158935153474585   0.158633936318804   
-0.802              0.154431445673725   0.15412707846959    
-0.8                0.14988045305892    0.149572921382253   
-0.798              0.145282489977152   0.144971782220803   
-0.796              0.140637879189668   0.140323986777258   
-0.794              0.135946951876348   0.135629869467215   
-0.792              0.13121004763858    0.13088977332392    
-0.79               0.12642751450065    0.12610404999083    
-0.788              0.121599708909614   0.12127305971266    
-0.786              0.116726995733656   0.116397171324908   
-0.784              0.111809748258918   0.111476762241862   
-0.782              0.106848348184789   0.106512218443068   
-0.78               0.101843185617646   0.101503934458263   
-0.778              0.096794659063043   0.0964523133507679  
-0.776              0.0917031754163244  0.0913577666993308  
-0.774              0.0865691499516704  0.0862207145784257  
-0.772              0.0813930063095555  0.0810415855369871  
-0.77               0.0761751764826149  0.0758208165755916  
-0.768              0.070916100799915   0.0705588531220767  
-0.766              0.0656162279096086  0.0652561490055891  
-0.764              0.060276014759985   0.0599131664290687  
-0.762              0.0548959265788899  0.0545303759401585  
-0.76               0.0494764368515239  0.0491082564005396  
-0.758              0.0440180272966011  0.0436472949536933  
-0.756              0.0385211878408746  0.0381479869910786  
-0.754              0.0329864165920049  0.0326108361167359  
-0.752              0.0274142198097875  0.0270363541103079  
-0.75               0.0218051118757194  0.0214250608884753  
-0.748              0.0161596152609049  0.0157774844648142  
-0.746              0.0104782604922967  0.0100941609080678  
-0.744              0.00476158611726757 0.00437563429883577 
-0.742              -0.000989861333489439-0.00137754331531742
-0.74               -0.00677552738473691-0.00716481196634095
-0.738              -0.0125948496571514 -0.0129856038137529 
-0.736              -0.0184472579094538 -0.0188393431942754 
-0.734              -0.0243321740822345 -0.0247254466730534 
-0.732              -0.0302490123434542 -0.0306433230964438 
-0.73               -0.0361971791356354 -0.0365923736463833 
-0.728              -0.0421760732247405 -0.0425719918963265 
-0.726              -0.0481850857507389 -0.0485815638687519 
-0.724              -0.0542236002798579 -0.054620468094238  
-0.722              -0.0602909928585274 -0.0606880756720985 
-0.72               -0.0663866320690074 -0.0667837503325753 
-0.718              -0.0725098790867064 -0.0729068485005912 
-0.716              -0.0786600877391785 -0.0790567193610479 
-0.714              -0.084836604566812  -0.085232704925672  
-0.712              -0.091038768885191  -0.091434140101401  
-0.71               -0.0972659128491438 -0.0976603527603027 
-0.708              -0.10351736151846   -0.103910663811029  
-0.706              -0.109792432925286  -0.110184387271785  
-0.704              -0.116090438143184  -0.116480830344824  
-0.702              -0.122410681357862  -0.122799293492446  
-0.7                -0.128752459939555  -0.1291390705145    
-0.698              -0.135115064517073  -0.135499448627388  
-0.696              -0.141497779053488  -0.141879708544552  
-0.694              -0.147899880923472  -0.148279124558437  
-0.692              -0.154320640992269  -0.154696964623939  
-0.69               -0.160759323696302  -0.161132490443305  
-0.688              -0.167215187125399  -0.16758495755249   
-0.686              -0.173687483106643  -0.174053615408959  
-0.684              -0.180175457289823  -0.180537707480928  
-0.682              -0.186678349234493  -0.187036471338026  
-0.68               -0.193195392498618  -0.193549138743375  
-0.678              -0.199725814728807  -0.200074935747067  
-0.676              -0.206268837752116  -0.206613082781051  
-0.674              -0.212823677669416  -0.213162794755385  
-0.672              -0.219389544950314  -0.219723281155868  
-0.67               -0.22596564452962   -0.22629374614303   
-0.668              -0.232551175905338  -0.232873388652468  
-0.666              -0.239145333238182  -0.239461402496517  
-0.664              -0.245747305452603  -0.246056976467241  
-0.662              -0.2523562763393    -0.252659294440733  
-0.66               -0.258971424659225  -0.259267535482716  
-0.658              -0.265591924249052  -0.265880873955413  
-0.656              -0.272216944128102  -0.272498479625694  
-0.654              -0.278845648606708  -0.279119517774476  
-0.652              -0.285477197396015  -0.285743149307353  
-0.65               -0.292110745719175  -0.292368530866461  
-0.648              -0.298745444423961  -0.298994814943539  
-0.646              -0.305380440096744  -0.305621149994192  
-0.644              -0.312014875177845  -0.312246680553326  
-0.642              -0.318647888078231  -0.318870547351744  
-0.64               -0.325278613297546  -0.325491887433887  
-0.638              -0.331906181543452  -0.3321098342767    
-0.636              -0.33852971985227   -0.338723517909614  
-0.634              -0.3451483517109    -0.345332065035614  
-0.632              -0.351761197179999  -0.351934599153385  
-0.63               -0.358367373018399  -0.358530240680518  
-0.628              -0.364965992808753  -0.365118107077753  
-0.626              -0.371556167084375  -0.371697312974244  
-0.624              -0.37813700345727   -0.378266970293822  
-0.622              -0.384707606747318  -0.384826188382249  
-0.62               -0.391267079112611  -0.39137407413543   
-0.618              -0.397814520180895  -0.397909732128574  
-0.616              -0.404349027182126  -0.404432264746273  
-0.614              -0.410869695082086  -0.410940772313495  
-0.612              -0.417375616717073  -0.417434353227452  
-0.61               -0.423865882929605  -0.423912104090344  
-0.608              -0.430339582705144  -0.430373119842928  
-0.606              -0.436795803309804  -0.436816493898931  
-0.604              -0.443233630429017  -0.443241318280246  
-0.602              -0.449652148307142  -0.449646683752921  
-0.6                -0.456050439887986  -0.456031679963891  
-0.598              -0.462427586956219  -0.462395395578463  
-0.596              -0.468782670279641  -0.468736918418499  
-0.594              -0.475114769752306  -0.475055335601301  
-0.592              -0.481422964538448  -0.481349733679161  
-0.59               -0.487706333217196  -0.487619198779551  
-0.588              -0.493963953928056  -0.493862816745948  
-0.586              -0.500194904517126  -0.500079673279247  
-0.584              -0.506398262684018  -0.506268854079754  
-0.582              -0.512573106129462  -0.512429444989733  
-0.58               -0.518718512703572  -0.518560532136482  
-0.578              -0.524833560554728  -0.524661202075906  
-0.576              -0.530917328279064  -0.530730541936583  
-0.574              -0.536968895070527  -0.536767639564267  
-0.572              -0.542987340871474  -0.542771583666846  
-0.57               -0.548971746523794  -0.548741463959683  
-0.568              -0.554921193920499  -0.554676371311356  
-0.566              -0.560834766157789  -0.560575397889742  
-0.564              -0.566711547687534  -0.56643763730844   
-0.562              -0.572550624470151  -0.572262184773496  
-0.56               -0.578351084127864  -0.57804813723041   
-0.558              -0.584112016098284  -0.583794593511391  
-0.556              -0.589832511788309  -0.589500654482851  
-0.554              -0.595511664728295  -0.595165423193094  
-0.552              -0.601148570726485  -0.60078800502018   
-0.55               -0.606742328023637  -0.606367507819946  
-0.548              -0.612292037447858  -0.611903042074145  
-0.546              -0.617796802569575  -0.617393721038684  
-0.544              -0.623255729856643  -0.622838660891931  
-0.542              -0.628667928829538  -0.628236980883069  
-0.54               -0.634032512216615  -0.633587803480465  
-0.538              -0.63934859610939   -0.638890254520028  
-0.536              -0.64461530011783   -0.644143463353533  
-0.534              -0.649831747525596  -0.64934656299688   
-0.532              -0.654997065445231  -0.654498690278256  
-0.53               -0.660110384973246  -0.659598985986194  
-0.528              -0.665170841345073  -0.664646595017467  
-0.526              -0.670177574089863  -0.669640666524822  
-0.524              -0.675129727185084  -0.674580354064511  
-0.522              -0.680026449210891  -0.679464815743592  
-0.52               -0.684866893504245  -0.684293214366975  
-0.518              -0.689650218312733  -0.689064717584184  
-0.516              -0.694375586948066  -0.693778498035813  
-0.514              -0.699042167939223  -0.69843373349964   
-0.512              -0.703649135185203  -0.703029607036373  
-0.51               -0.708195668107357  -0.707565307135008  
-0.508              -0.712680951801265  -0.712040027857759  
-0.506              -0.71710417718813   -0.716452968984548  
-0.504              -0.721464541165647  -0.720803336157007  
-0.502              -0.725761246758326  -0.725090341021987  
-0.5                -0.729993503267229  -0.729313201374526  
-0.498              -0.734160526419086  -0.73347114130026   
-0.496              -0.738261538514771  -0.737563391317251  
-0.494              -0.742295768577089  -0.741589188517193  
-0.492              -0.746262452497855  -0.745547776705979  
-0.49               -0.750160833184222  -0.749438406543599  
-0.488              -0.753990160704234  -0.753260335683335  
-0.486              -0.75774969243157   -0.75701282891024   
-0.484              -0.761438693189448  -0.760695158278851  
-0.482              -0.765056435393642  -0.764306603250139  
-0.48               -0.768602199194618  -0.767846450827633  
-0.478              -0.772075272618704  -0.771313995692727  
-0.476              -0.775474951708319  -0.774708540339114  
-0.474              -0.77880054066118   -0.778029395206334  
-0.472              -0.782051351968493  -0.781275878812409  
-0.47               -0.785226706552072  -0.784447317885534  
-0.468              -0.788325933900373  -0.787543047494799  
-0.466              -0.791348372203398  -0.790562411179912  
-0.464              -0.794293368486447  -0.793504761079908  
-0.462              -0.797160278742688  -0.796369458060798  
-0.46               -0.799948468064512  -0.799155871842152  
-0.458              -0.802657310773635  -0.801863381122579  
-0.456              -0.805286190549942  -0.804491373704072  
-0.454              -0.807834500559014  -0.807039246615215  
-0.452              -0.810301643578325  -0.809506406233195  
-0.45               -0.812687032122082  -0.811892268404621  
-0.448              -0.814990088564672  -0.814196258565105  
-0.446              -0.817210245262685  -0.8164178118576    
-0.444              -0.819346944675499  -0.81855637324944   
-0.442              -0.821399639484384  -0.820611397648091  
-0.44               -0.823367792710105  -0.822582350015567  
-0.438              -0.825250877828992  -0.824468705481485  
-0.436              -0.827048378887459  -0.826269949454752  
-0.434              -0.828759790614932  -0.827985577733844  
-0.432              -0.830384618535175  -0.829615096615656  
-0.43               -0.831922379075971  -0.831158023002909  
-0.428              -0.833372599677145  -0.832613884510071  
-0.426              -0.834734818896901  -0.833982219567796  
-0.424              -0.836008586516442  -0.83526257752583   
-0.422              -0.837193463642857  -0.836454518754381  
-0.42               -0.838289022810241  -0.83755761474392   
-0.418              -0.839294848079035  -0.838571448203397  
-0.416              -0.84021053513355   -0.839495613156842  
-0.414              -0.841035691377666  -0.840329715038339  
-0.412              -0.841769936028662  -0.841073370785346  
-0.41               -0.842412900209184  -0.841726208930336  
-0.408              -0.842964227037303  -0.842287869690747  
-0.406              -0.843423571714647  -0.84275800505721   
-0.404              -0.843790601612602  -0.843136278880048  
-0.402              -0.844064996356536  -0.843422366954008  
-0.4                -0.844246447908044  -0.843615957101223  
-0.398              -0.844334660645192  -0.843716749252371  
-0.396              -0.844329351440725  -0.843724455526025  
-0.394              -0.844230249738242  -0.843638800306162  
-0.392              -0.844037097626304  -0.843459520317817  
-0.39               -0.843749649910461  -0.843186364700873  
-0.388              -0.843367674183181  -0.842819095081948  
-0.386              -0.842890950891663  -0.842357485644383  
-0.384              -0.842319273403517  -0.841801323196302  
-0.382              -0.841652448070294  -0.841150407236729  
-0.38               -0.840890294288852  -0.84040455001974   
-0.378              -0.840032644560536  -0.839563576616649  
-0.376              -0.839079344548173  -0.838627324976194  
-0.374              -0.838030253130843  -0.837595645982716  
-0.372              -0.836885242456434  -0.836468403512316  
-0.37               -0.83564419799196   -0.835245474486977  
-0.368              -0.834307018571617  -0.833926748926623  
-0.366              -0.83287361644259   -0.832512129999119  
-0.364              -0.831343917308572  -0.831001534068188  
-0.362              -0.829717860371     -0.829394890739233  
-0.36               -0.827995398367998  -0.827692142903043  
-0.358              -0.826176497610996  -0.825893246777392  
-0.356              -0.824261138019047  -0.823998171946492  
-0.354              -0.822249313150805  -0.822006901398307  
-0.352              -0.820141030234167  -0.819919431559705  
-0.35               -0.817936310193569  -0.817735772329448  
-0.348              -0.81563518767493   -0.815455947108993  
-0.346              -0.813237711068231  -0.813079992831111  
-0.344              -0.810743942527729  -0.810607959986304  
-0.342              -0.80815395798979   -0.808039912647007  
-0.34               -0.80546784718835   -0.805375928489578  
-0.338              -0.802685713667981  -0.802616098814054  
-0.336              -0.799807674794572  -0.799760528561673  
-0.334              -0.796833861763611  -0.796809336330153  
-0.332              -0.793764419606072  -0.793762654386714  
-0.33               -0.790599507191893  -0.790620628678843  
-0.328              -0.787339297231056  -0.787383418842796  
-0.326              -0.783983976272255  -0.784051198209819  
-0.324              -0.78053374469916   -0.780624153810101  
-0.322              -0.776988816724263  -0.777102486374428  
-0.32               -0.773349420380325  -0.773486410333565  
-0.318              -0.769615797509401  -0.769776153815333  
-0.316              -0.765788203749459  -0.765971958639384  
-0.314              -0.761866908518597  -0.76207408030969   
-0.312              -0.757852194996841  -0.758082788004706  
-0.31               -0.753744360105543  -0.753998364565243  
-0.308              -0.74954371448438   -0.749821106480019  
-0.306              -0.745250582465944  -0.745551323868899  
-0.304              -0.740865302047946  -0.741189340463823  
-0.302              -0.73638822486302   -0.736735493587417  
-0.3                -0.731819716146143  -0.732190134129286  
-0.298              -0.727160154699676  -0.727553626519996  
-0.296              -0.72240993285602   -0.72282634870273   
-0.294              -0.717569456437912  -0.718008692102636  
-0.292              -0.712639144716348  -0.713101061593859  
-0.29               -0.707619430366161  -0.708103875464255  
-0.288              -0.702510759419237  -0.703017565377801  
-0.286              -0.6973135912154    -0.69784257633469   
-0.284              -0.692028398350965  -0.692579366629121  
-0.282              -0.686655666624963  -0.687228407804793  
-0.28               -0.681195894983062  -0.681790184608087  
-0.278              -0.675649595459172  -0.676265194938968  
-0.276              -0.670017293114776  -0.670653949799586  
-0.274              -0.664299525975962  -0.664956973240599  
-0.272              -0.658496844968202  -0.659174802305211  
-0.27               -0.652609813848863  -0.65330798697094   
-0.268              -0.646639009137476  -0.647357090089124  
-0.266              -0.64058502004378   -0.641322687322154  
-0.264              -0.634448448393537  -0.63520536707847   
-0.262              -0.628229908552153  -0.629005730445299  
-0.26               -0.621930027346102  -0.622724391119168  
-0.258              -0.615549443982181  -0.616361975334181  
-0.256              -0.609088809964602  -0.609919121788079  
-0.254              -0.602548789009939  -0.603396481566095  
-0.252              -0.595930056959952  -0.596794718062608  
-0.25               -0.589233301692293  -0.590114506900605  
-0.248              -0.582459223029124  -0.583356535848974  
-0.246              -0.575608532643653  -0.576521504737619  
-0.244              -0.568681953964616  -0.569610125370433  
-0.242              -0.561680222078708  -0.562623121436122  
-0.24               -0.554604083631009  -0.555561228416898  
-0.238              -0.547454296723384  -0.548425193495063  
-0.236              -0.540231630810916  -0.541215775457481  
-0.234              -0.532936866596369  -0.533933744597972  
-0.232              -0.525570795922703  -0.526579882617619  
-0.23               -0.518134221663669  -0.519154982523025  
-0.228              -0.510627957612498  -0.511659848522524  
-0.226              -0.503052828368712  -0.504095295920357  
-0.224              -0.495409669223064  -0.496462151008846  
-0.222              -0.487699326040655  -0.488761250958556  
-0.22               -0.479922655142217  -0.480993443706499  
-0.218              -0.472080523183614  -0.473159587842352  
-0.216              -0.464173807033563  -0.465260552492749  
-0.214              -0.456203393649617  -0.45729721720364   
-0.212              -0.448170179952404  -0.449270471820736  
-0.21               -0.440075072698188  -0.441181216368078  
-0.208              -0.431918988349735  -0.433030360924722  
-0.206              -0.42370285294553   -0.424818825499585  
-0.204              -0.415427601967369  -0.416547539904456  
-0.202              -0.407094180206343  -0.408217443625193  
-0.2                -0.398703541627243  -0.399829485691142  
-0.198              -0.390256649231415  -0.391384624542776  
-0.196              -0.381754474918081  -0.382883827897596  
-0.194              -0.373197999344165  -0.374328072614305  
-0.192              -0.364588211782634  -0.365718344555276  
-0.19               -0.355926109979394  -0.357055638447349  
-0.188              -0.347212700008766  -0.348340957740962  
-0.186              -0.338448996127556  -0.339575314467655  
-0.184              -0.329636020627759  -0.33075972909596   
-0.182              -0.320774803687924  -0.321895230385707  
-0.18               -0.311866383223199  -0.312982855240773  
-0.178              -0.302911804734086  -0.304023648560284  
-0.176              -0.293912121153939  -0.295018663088314  
-0.174              -0.284868392695228  -0.285968959262096  
-0.172              -0.275781686694598  -0.276875605058765  
-0.17               -0.266653077456751  -0.267739675840678  
-0.168              -0.257483646097176  -0.258562254199312  
-0.166              -0.248274480383769  -0.249344429797791  
-0.164              -0.239026674577348  -0.240087299212051  
-0.162              -0.229741329271112  -0.230791965770676  
-0.16               -0.220419551229072  -0.221459539393441  
-0.158              -0.211062453223457  -0.212091136428568  
-0.156              -0.201671153871172  -0.20268787948875   
-0.154              -0.19224677746928   -0.19325089728595   
-0.152              -0.182790453829584  -0.183781324465014  
-0.15               -0.173303318112316  -0.174280301436123  
-0.148              -0.163786510658964  -0.164748974206114  
-0.146              -0.154241176824268  -0.155188494208699  
-0.144              -0.144668466807423  -0.145600018133614  
-0.142              -0.135069535482502  -0.135984707754722  
-0.14               -0.125445542228139  -0.126343729757105  
-0.138              -0.115797650756506  -0.116678255563173  
-0.136              -0.106127028941602  -0.10698946115782   
-0.134              -0.09643484864689   -0.0972785269126629 
-0.132              -0.0867222855523145 -0.0875466374093816 
-0.13               -0.0769905189807208 -0.0777949812622056 
-0.128              -0.0672407317237165 -0.068024750939571  
-0.126              -0.057474109866995  -0.0582371425849765 
-0.124              -0.0476918426151572 -0.0484333558370792 
-0.122              -0.0378951221160588 -0.0386145936490503 
-0.12               -0.0280851432847132 -0.0287820621072347 
-0.118              -0.01826310362678   -0.0189369702491343 
-0.116              -0.00843020306166831-0.00908052988075979
-0.114              0.0014123562547167  0.000786044606630051
-0.112              0.0112633701075481  0.0106615364203552  
-0.11               0.021121632400952   0.0205447265506885  
-0.108              0.030985935336148   0.0304343939557312  
-0.106              0.0408550695898253  0.0403293157467694  
-0.104              0.0507278244927257  0.0502282673740665  
-0.102              0.0606029882084065  0.0601300228130704  
-0.1                0.0704793479121521  0.0700333547509906  
-0.098              0.0803556899700007  0.0799370347737235  
-0.096              0.0902308001178684  0.0898398335530801  
-0.094              0.100103463640728   0.0997405210342967  
-0.092              0.109972465551822   0.10963786662378    
-0.09               0.119836590771881   0.119530639377067   
-0.088              0.129694624308313   0.129417608186955   
-0.086              0.13954535143434    0.139297541971778   
-0.084              0.149387557868049   0.149169209863781   
-0.082              0.159220029951336   0.159031381397581   
-0.08               0.169041554828705   0.168882826698655   
-0.078              0.178850920625901   0.178722316671841   
-0.076              0.188646916628345   0.188548623189809   
-0.074              0.198428333459347   0.198360519281474   
-0.072              0.208193963258061   0.208156779320302   
-0.07               0.217942599857164   0.2179361792125     
-0.0679999999999999 0.227673038960227   0.227697496585035   
-0.0659999999999999 0.237384078318745   0.237439510973454   
-0.0639999999999999 0.247074517908809   0.247161004009478   
-0.0620000000000001 0.256743160107381   0.256860759608327   
-0.0600000000000001 0.266388809868165   0.266537564155748   
-0.0580000000000001 0.276010274897011   0.27619020669471    
-0.056              0.285606365826872   0.285817479111732   
-0.054              0.29517589639224    0.295418176322811   
-0.052              0.304717683603075   0.304991096458917   
-0.05               0.314230547918175   0.314535041051024   
-0.048              0.323713313417965   0.324048815214632   
-0.046              0.333164807976688   0.333531227833766   
-0.044              0.342583863433967   0.342981091744403   
-0.042              0.351969315765709   0.352397223917295   
-0.04               0.361320005254327   0.361778445640166   
-0.038              0.370634776658262   0.371123582699238   
-0.036              0.379912479380763   0.380431465560063   
-0.034              0.389151967637927   0.389700929547618   
-0.032              0.39835210062594    0.398930815025638   
-0.03               0.407511742687524   0.408119967575155   
-0.028              0.41662976347755    0.417267238172206   
-0.026              0.425705038127795   0.426371483364679   
-0.024              0.434736447410823   0.435431565448272   
-0.022              0.443722877902963   0.444446352641516   
-0.02               0.452663222146357   0.453414719259859   
-0.018              0.461556378810064   0.462335545888744   
-0.016              0.470401252850183   0.471207719555681   
-0.014              0.479196755668989   0.480030133901268   
-0.012              0.487941805273041   0.488801689349122   
-0.01               0.496635326430253   0.49752129327471    
-0.008000000000000010.505276250825897   0.506187860173033   
-0.006000000000000010.513863517217522   0.514800311825135   
-0.004              0.522396071588762   0.52335757746342    
-0.002              0.530872867302011   0.531858593935725   
0                   0.539292865249948   0.54030230586814    
0.002               0.547655034005888   0.548687665826535   
0.004               0.555958349972927   0.557013634476768   
0.00600000000000001 0.56420179753189    0.565279180743542   
0.00800000000000001 0.572384369188016   0.573483281967892   
0.01                0.580505065716404   0.581624924063256   
0.012               0.588562896306171   0.589703101670123   
0.014               0.596556878703307   0.597716818309215   
0.016               0.60448603935222    0.605665086533183   
0.018               0.612349413535929   0.613546928076785   
0.02                0.620146045514908   0.621361374005524   
0.022               0.627874988664541   0.629107464862715   
0.024               0.635535305611189   0.63678425081496    
0.026               0.643126068366828   0.644390791796001   
0.028               0.650646358462262   0.651926157648923   
0.03                0.658095267078867   0.65938942826669    
0.032               0.665471895178879   0.66677969373098    
0.034               0.672775353634167   0.674096054449303   
0.036               0.680004763353521   0.681337621290369   
0.038               0.687159255408392   0.688503515717686   
0.04                0.694237971157097   0.69559286992137    
0.042               0.701240062367456   0.702604826948131   
0.044               0.708164691337852   0.709538540829427   
0.046               0.715011031016693   0.716393176707747   
0.048               0.721778265120256   0.723167910961019   
0.05                0.728465588248907   0.729861931325102   
0.052               0.735072206001666   0.736474437014363   
0.054               0.741597335089118   0.743004638840291   
0.056               0.748040203444637   0.749451759328151   
0.0580000000000001  0.754400050333917   0.755815032831647   
0.0600000000000001  0.760676126462796   0.762093705645574   
0.0620000000000001  0.766867694083348   0.768287036116438   
0.0640000000000001  0.772974027098242   0.774394294751034   
0.0660000000000001  0.778994411163339   0.780414764322952   
0.0680000000000001  0.784928143788521   0.786347739977001   
0.0700000000000001  0.790774534436733   0.792192529331527   
0.0720000000000001  0.796532904621231   0.797948452578609   
0.0740000000000001  0.802202588001012   0.803614842582126   
0.0760000000000001  0.80778293047442    0.809191044973656   
0.0780000000000001  0.81327329027091    0.814676418246216   
0.0800000000000001  0.818673038040957   0.820070333845808   
0.0820000000000001  0.823981556944104   0.825372176260769   
0.0840000000000001  0.829198242735123   0.830581343108896   
0.0860000000000001  0.834322503848288   0.835697245222352   
0.0880000000000001  0.839353761479741   0.840719306730309   
0.0900000000000001  0.844291449667943   0.845646965139352   
0.0920000000000001  0.849135015372194   0.850479671411593   
0.0940000000000001  0.853883918549212   0.85521689004051    
0.0960000000000001  0.85853763222776    0.859858099124487   
0.0980000000000001  0.863095642581311   0.864402790438041   
0.1                 0.867557448998736   0.868850469500733   
0.102               0.871922564153002   0.873200655643743   
0.104               0.876190514067885   0.877452882074106   
0.106               0.880360838182664   0.881606695936595   
0.108               0.884433089414807   0.88566165837324    
0.11                0.888406834220623   0.889617344580479   
0.112               0.892281652653881   0.893473343863928   
0.114               0.896057138422383   0.897229259690762   
0.116               0.899732898942481   0.900884709739705   
0.118               0.90330855539153    0.904439325948607   
0.12                0.906783742758266   0.907892754559626   
0.122               0.910158109891105   0.911244656161981   
0.124               0.913431319544348   0.914494705732288   
0.126               0.916603048422296   0.917642592672471   
0.128               0.919672987221248   0.920688020845239   
0.13                0.922640840669397   0.923630708607124   
0.132               0.925506327564598   0.926470388839081   
0.134               0.928269180810012   0.929206808974642   
0.136               0.930929147447613   0.931839731025629   
0.138               0.933485988689558   0.934368931605406   
0.14                0.935939479947407   0.936794201949688   
0.142               0.938289410859189   0.939115347934894   
0.144               0.940535585314316   0.941332190094048   
0.146               0.942677821476324   0.943444563630218   
0.148               0.944715951803452   0.945452318427504   
0.15                0.946649823067037   0.947355319059574   
0.152               0.948479296367746   0.949153444795741   
0.154               0.950204247149608   0.950846589604583   
0.156               0.951824565211872   0.952434662155126   
0.158               0.953340154718659   0.953917585815557   
0.16                0.954750934206439   0.955295298649511   
0.162               0.956056836589292   0.9565677534099     
0.164               0.957257809161975   0.957734917530306   
0.166               0.958353813600792   0.958796773113943   
0.168               0.959344825962245   0.959753316920178   
0.17                0.960230836679488   0.960604560348636   
0.172               0.961011850556566   0.961350529420874   
0.174               0.961687886760441   0.961991264759648   
0.176               0.962258978810814   0.962526821565767   
0.178               0.96272517456772    0.962957269592541   
0.18                0.963086536216924   0.963282693117847   
0.182               0.96334314025309    0.963503190913793   
0.184               0.963495077460746   0.963618876214011   
0.186               0.963542452893025   0.96362987667858    
0.188               0.963485385848205   0.963536334356586   
0.19                0.963324009844024   0.963338405646329   
0.192               0.963058472589792   0.963036261253188   
0.194               0.962688935956298   0.962630086145161   
0.196               0.962215575943492   0.962120079506076   
0.198               0.961638582645985   0.961506454686495   
0.2                 0.960958160216332   0.960789439152323   
0.202               0.960174526826113   0.959969274431132   
0.204               0.959287914624838   0.959046216056206   
0.206               0.95829856969663    0.958020533508331   
0.208               0.957206752014749   0.956892510155337   
0.21                0.95601273539391    0.955662443189408   
0.212               0.954716807440436   0.954330643562173   
0.214               0.953319269500224   0.952897435917588   
0.216               0.951820436604558   0.951363158522638   
0.218               0.950220637413742   0.94972816319586    
0.22                0.94852021415859    0.947992815233705   
0.222               0.946719522579755   0.946157493334766   
0.224               0.944818931864924   0.944222589521879   
0.226               0.942818824583863   0.942188509062106   
0.228               0.940719596621352   0.940055670384646   
0.23                0.938521657107981   0.937824504996653   
0.232               0.936225428348843   0.935495457397016   
0.234               0.933831345750123   0.933068984988094   
0.236               0.931339857743589   0.930545557985432   
0.238               0.928751425708996   0.927925659325486   
0.24                0.926066523894424   0.925209784571364   
0.242               0.923285639334536   0.92239844181661    
0.244               0.920409271766797   0.919492151587048   
0.246               0.917437933545636   0.916491446740714   
0.248               0.914372149554583   0.913396872365881   
0.25                0.911212457116388   0.910208985677219   
0.252               0.907959405901117   0.906928355910096   
0.254               0.904613557832275   0.903555564213047   
0.256               0.901175486990924   0.900091203538431   
0.258               0.897645779517846   0.89653587853131    
0.26                0.894025033513742   0.892890205416555   
0.262               0.890313858937495   0.889154811884209   
0.264               0.886512877502505   0.885330336973148   
0.266               0.882622722571101   0.881417430953025   
0.268               0.87864403904708    0.877416755204568   
0.27                0.874577483266336   0.873328982098215   
0.272               0.870423722885646   0.869154794871135   
0.274               0.866183436769597   0.864894887502658   
0.276               0.861857314875687   0.860549964588125   
0.278               0.857446058137604   0.856120741211199   
0.28                0.852950378346715   0.851607942814655   
0.282               0.848370998031781   0.847012305069676   
0.284               0.843708650336894   0.842334573743683   
0.286               0.838964078897699   0.837575504566722   
0.288               0.83413803771587    0.832735863096437   
0.29                0.829231291031902   0.827816424581659   
0.292               0.824244613196212   0.822817973824627   
0.294               0.81917878853858    0.817741305041888   
0.296               0.814034611235954   0.812587221723875   
0.298               0.808812885178633   0.807356536493224   
0.3                 0.803514423834849   0.802050070961829   
0.302               0.798140050113785   0.796668655586682   
0.304               0.79269059622703    0.791213129524514   
0.306               0.787166903548507   0.785684340485276   
0.308               0.781569822472899   0.78008314458448    
0.31                0.775900212272585   0.774410406194432   
0.312               0.770158940953128   0.768666997794393   
0.314               0.764346885107314   0.762853799819676   
0.316               0.758464929767797   0.756971700509742   
0.318               0.75251396825835    0.751021595755284   
0.32                0.746494902043756   0.745004388944367   
0.322               0.740408640578378   0.738920990807627   
0.324               0.734256101153409   0.732772319262568   
0.326               0.728038208742849   0.726559299256991   
0.328               0.721755895848228   0.720282862611578   
0.33                0.715410102342103   0.713943947861661   
0.332               0.709001775310359   0.707543500098218   
0.334               0.702531868893339   0.701082470808105   
0.336               0.696001344125827   0.694561817713578   
0.338               0.689411168775932   0.687982504611117   
0.34                0.682762317182874   0.681345501209593   
0.342               0.676055770093724   0.674651782967801   
0.344               0.669292514499117   0.667902330931401   
0.346               0.662473543467971   0.661098131569283   
0.348               0.655599855981242   0.6542401766094     
0.35                0.648672456764743   0.647329462874087   
0.352               0.641692356121066   0.640366992114915   
0.354               0.634660569760626   0.633353770847084   
0.356               0.627578118631872   0.626290810183418   
0.358               0.620446028750682   0.619179125667962   
0.36                0.613265331028989   0.612019737109237   
0.362               0.606037061102662   0.604813668413165   
0.364               0.598762259158672   0.597561947415706   
0.366               0.591441969761586   0.590265605715236   
0.368               0.584077241679412   0.582925678504694   
0.37                0.576669127708832   0.575543204403529   
0.372               0.569218684499861   0.568119225289479   
0.374               0.561726972379959   0.560654786130216   
0.376               0.554195055177632   0.553150934814882   
0.378               0.546624000045561   0.545608721985545   
0.38                0.539014877283286   0.538029200868617   
0.382               0.531368760159487   0.530413427106254   
0.384               0.523686724733888   0.522762458587768   
0.386               0.515969849678833   0.515077355281088   
0.388               0.508219216100548   0.507359179064299   
0.39                0.500435907360152   0.499608993557283   
0.392               0.492621008894425   0.491827863953496   
0.394               0.484775608036386   0.48401685685192    
0.396               0.476900793835715   0.476177040089196   
0.398               0.468997656879048   0.468309482571999   
0.4                 0.461067289110184   0.460415254109658   
0.402               0.453110783650247   0.452495425247064   
0.404               0.445129234617827   0.444551067097895   
0.406               0.437123736949149   0.436583251178181   
0.408               0.429095386218297   0.428593049240246   
0.41                0.421045278457531   0.420581533107047   
0.412               0.412974509977742   0.412549774506951   
0.414               0.404884177189069   0.404498844908962   
0.416               0.396775376421727   0.396429815358444   
0.418               0.388649203747068   0.38834375631336    
0.42                0.380506754798931   0.380241737481049   
0.422               0.372349124595298   0.37212482765558    
0.424               0.364177407360312   0.363994094555708   
0.426               0.355992696346672   0.355850604663457   
0.428               0.347796083658463   0.347695423063355   
0.43                0.339588660074443   0.339529613282352   
0.432               0.331371514871835   0.331354237130456   
0.434               0.323145735650648   0.323170354542095   
0.436               0.314912408158572   0.314979023418246   
0.438               0.306672616116486   0.306781299469356   
0.44                0.298427441044605   0.298578236059074   
0.442               0.290177962089315   0.29037088404883    
0.444               0.281925255850719   0.282160291643276   
0.446               0.273670396210943   0.273947504236622   
0.448               0.265414454163225   0.265733564259892   
0.45                0.25715849764184    0.257519511029119   
0.452               0.248903591352877   0.24930638059451    
0.454               0.240650796605916   0.241095205590602   
0.456               0.232401171146638   0.232887015087436   
0.458               0.224155768990403   0.224682834442771   
0.46                0.215915640256833   0.216483685155359   
0.462               0.207681831005424   0.208290584719308   
0.464               0.19945538307224    0.200104546479561   
0.466               0.191237333907706   0.1919265794885     
0.468               0.18302871641555    0.183757688363715   
0.47                0.174830558792906   0.175598873146937   
0.472               0.166643884371643   0.167451129164187   
0.474               0.158469711460919   0.15931544688714    
0.476               0.150309053191019   0.151192811795725   
0.478               0.142162917358498   0.143084204242002   
0.48                0.134032306272666   0.134990599315313   
0.482               0.125918216603441   0.126912966708748   
0.484               0.11782163923061    0.118852270586925   
0.486               0.109743559094524   0.110809469455128   
0.488               0.10168495504826    0.102785516029797   
0.49                0.0936467997112824  0.094781357110414   
0.492               0.08563005932463    0.0867979334527843  
0.494               0.0776356936076636  0.0788361796437392  
0.496               0.0696646556164015  0.0708970239772819  
0.498               0.0617178916034731  0.062981388332189   
0.5                 0.0537963408797172  0.0550901880510869  
0.502               0.0459009356774584  0.0472243318210189  
0.504               0.0380326010154843  0.0393847215555235  
0.506               0.0301922545657559  0.031572252278238   
0.508               0.0223808065218749  0.0237878120080419  
0.51                0.0145991594693382  0.016032281645758   
0.512               0.00684820825760078 0.00830653486242769 
0.514               -0.0008711601260189130.000611437989173689
0.516               -0.00855806668057538-0.00705215009133538
0.518               -0.0162116405138413 -0.0146833780518039 
0.52                -0.0238310189627405 -0.0222814022255954 
0.522               -0.0314153477118465 -0.0298453867103746 
0.524               -0.0389637809099173 -0.037374503470092  
0.526               -0.0464754812844501 -0.0448679324352984 
0.528               -0.05394962025423   -0.0523248616017744 
0.53                -0.0613853780398503 -0.0597444871274635 
0.532               -0.0687819437721834 -0.0671260134277005 
0.534               -0.076138515598785  -0.0744686532687195 
0.536               -0.0834543007882036 -0.0817716278594317 
0.538               -0.0907285158321856 -0.0890341669414614 
0.54                -0.0979603865457469 -0.0962555088774335 
0.542               -0.105149148165099  -0.103434900737499  
0.544               -0.112294045443409  -0.110571598384087  
0.546               -0.119394332744378  -0.117664866554883  
0.548               -0.126449274133617  -0.124713978944011  
0.55                -0.133458143467808  -0.131718218281425  
0.552               -0.140420224481634  -0.138676876410491  
0.554               -0.14733481087246   -0.145589254363757  
0.556               -0.154201206382756  -0.152454662436907  
0.558               -0.161018724880237  -0.159272420260877  
0.56                -0.167786690435727  -0.166041856872151  
0.562               -0.174504437398711  -0.172762310781207  
0.564               -0.181171310470578  -0.179433130039119  
0.566               -0.187786664775539  -0.186053672302311  
0.568               -0.194349865929211  -0.192623304895453  
0.57                -0.200860290104857  -0.199141404872495  
0.572               -0.207317324097263  -0.205607359075832  
0.574               -0.213720365384265  -0.212020564193612  
0.576               -0.220068822185894  -0.218380426815157  
0.578               -0.226362113521143  -0.224686363484516  
0.58                -0.232599669262356  -0.230937800752136  
0.582               -0.238780930187213  -0.237134175224658  
0.584               -0.244905348028327  -0.243274933612817  
0.586               -0.250972385520433  -0.249359532777471  
0.588               -0.256981516445174  -0.255387439773734  
0.59                -0.262932225673475  -0.261358131893227  
0.592               -0.268824009205498  -0.267271096704439  
0.594               -0.274656374208196  -0.273125832091201  
0.596               -0.280428839050434  -0.278921846289269  
0.598               -0.286140933335704  -0.284658657921026  
0.6                 -0.291792197932411  -0.290335796028292  
0.602               -0.297382185001755  -0.295952800103251  
0.604               -0.302910458023179  -0.301509220117492  
0.606               -0.30837659181742   -0.307004616549176  
0.608               -0.313780172567133  -0.312438560408311  
0.61                -0.319120797835112  -0.317810633260167  
0.612               -0.324398076580106  -0.323120427246798  
0.614               -0.329611629170229  -0.328367545106713  
0.616               -0.334761087393976  -0.333551600192667  
0.618               -0.339846094468851  -0.338672216487598  
0.62                -0.344866305047601  -0.3437290286187    
0.622               -0.349821385222085  -0.348721681869645  
0.624               -0.354711012524759  -0.353649832190964  
0.626               -0.359534875927813  -0.358513146208573  
0.628               -0.364292675839941  -0.363311301230472  
0.63                -0.368984124100781  -0.36804398525161   
0.632               -0.373608943973007  -0.372710896956927  
0.634               -0.37816687013211   -0.377311745722576  
0.636               -0.382657648653862  -0.381846251615341  
0.638               -0.38708103699948   -0.386314145390243  
0.64                -0.391436803998503  -0.390715168486362  
0.642               -0.395724729829398  -0.395049073020864  
0.644               -0.3999446059979    -0.399315621781252  
0.646               -0.404096235313111  -0.403514588215849  
0.648               -0.408179431861367  -0.407645756422518  
0.65                -0.412194020977884  -0.411708921135632  
0.652               -0.416139839216214  -0.415703887711302  
0.654               -0.420016734315508  -0.419630472110871  
0.656               -0.423824565165619  -0.423488500882693  
0.658               -0.427563201770057  -0.427277811142193  
0.66                -0.431232525206811  -0.430998250550229  
0.662               -0.434832427587061  -0.434649677289771  
0.664               -0.438362812011797  -0.438231960040892  
0.666               -0.441823592526371  -0.441744977954103  
0.668               -0.445214694072994  -0.445188620622022  
0.67                -0.448536052441195  -0.448562788049417  
0.672               -0.451787614216287  -0.451867390621602  
0.674               -0.45496933672583   -0.455102349071232  
0.676               -0.458081187984137  -0.458267594443479  
0.678               -0.461123146634833  -0.461363068059633  
0.68                -0.464095201891502  -0.464388721479113  
0.682               -0.466997353476428  -0.467344516459921  
0.684               -0.469829611557472  -0.470230424917547  
0.686               -0.472591996683103  -0.473046428882338  
0.688               -0.475284539715602  -0.475792520455344  
0.69                -0.477907281762471  -0.47846870176266   
0.692               -0.480460274106077  -0.481074984908281  
0.694               -0.482943578131545  -0.483611391925474  
0.696               -0.485357265252934  -0.486077954726696  
0.698               -0.487701416837731  -0.48847471505206   
0.7                 -0.489976124129667  -0.490801724416384  
0.702               -0.492181488169908  -0.493059044054813  
0.704               -0.494317619716638  -0.495246744867054  
0.706               -0.496384639163061  -0.497364907360229  
0.708               -0.498382676453846  -0.499413621590362  
0.71                -0.500311871000066  -0.50139298710252   
0.712               -0.502172371592626  -0.503303112869628  
0.714               -0.503964336314248  -0.505144117229965  
0.716               -0.505687932450005  -0.506916127823371  
0.718               -0.507343336396467  -0.508619281526172  
0.72                -0.508930733569469  -0.510253724384846  
0.722               -0.510450318310535  -0.511819611548452  
0.724               -0.511902293791996  -0.513317107199826  
0.726               -0.513286871920831  -0.514746384485581  
0.728               -0.514604273241251  -0.516107625444911  
0.73                -0.515854726836078  -0.517401020937231  
0.732               -0.517038470226928  -0.518626770568666  
0.734               -0.518155749273253  -0.519785082617409  
0.736               -0.519206818070254  -0.520876173957967  
0.738               -0.520191938845707  -0.521900269984307  
0.74                -0.521111381855736  -0.522857604531941  
0.742               -0.521965425279562  -0.52374841979894   
0.744               -0.522754355113257  -0.524572966265928  
0.746               -0.523478465062548  -0.525331502615046  
0.748               -0.524138056434689  -0.526024295647933  
0.75                -0.524733438029441  -0.526651620202716  
0.752               -0.525264926029197  -0.527213759070057  
0.754               -0.525732843888282  -0.527711002908254  
0.756               -0.526137522221449  -0.528143650157428  
0.758               -0.526479298691634  -0.528512006952812  
0.76                -0.526758517896962  -0.528816387037168  
0.762               -0.526975531257083  -0.529057111672342  
0.764               -0.527130696898828  -0.529234509549985  
0.766               -0.527224379541249  -0.529348916701458  
0.768               -0.527256950380066  -0.529400676406946  
0.77                -0.527228786971549  -0.529390139103789  
0.772               -0.527140273115873  -0.529317662294068  
0.774               -0.526991798739981  -0.529183610451451  
0.776               -0.526783759779989  -0.528988354927328  
0.778               -0.526516558063156  -0.528732273856257  
0.78                -0.526190601189461  -0.528415752060734  
0.782               -0.525806302412824  -0.528039180955314  
0.784               -0.525364080521988  -0.527602958450104  
0.786               -0.524864359721113  -0.527107488853646  
0.788               -0.524307569510096  -0.526553182775209  
0.79                -0.523694144564667  -0.525940457026518  
0.792               -0.523024524616282  -0.525269734522936  
0.794               -0.522299154331848  -0.524541444184114  
0.796               -0.521518483193312  -0.523756020834145  
0.798               -0.520682965377144  -0.52291390510123   
0.8                 -0.519793059633756  -0.522015543316878  
0.802               -0.518849229166865  -0.521061387414672  
0.804               -0.51785194151286   -0.520051894828601  
0.806               -0.51680166842018   -0.518987528391005  
0.808               -0.515698885728751  -0.517868756230129  
0.81                -0.514544073249497  -0.516696051667325  
0.812               -0.513337714643972  -0.515469893113911  
0.814               -0.512080297304129  -0.514190763967713  
0.816               -0.510772312232258  -0.512859152509313  
0.818               -0.509414253921136  -0.511475551798015  
0.82                -0.508006620234397  -0.510040459567559  
0.822               -0.50654991228717   -0.508554378121598  
0.824               -0.505044634326997  -0.507017814228956  
0.826               -0.503491293615077  -0.505431279018698  
0.828               -0.501890400307848  -0.503795287875021  
0.83                -0.500242467338946  -0.502110360331988  
0.832               -0.498548010301561  -0.500377019968131  
0.834               -0.496807547331221  -0.498595794300941  
0.836               -0.495021598989031  -0.496767214681262  
0.838               -0.493190688145393  -0.494891816187604  
0.84                -0.49131533986423   -0.492970137520413  
0.842               -0.489396081287744  -0.491002720896299  
0.844               -0.487433441521733  -0.488990111942245  
0.846               -0.485427951521485  -0.48693285958983   
0.848               -0.483380143978291  -0.484831515969465  
0.85                -0.481290553206574  -0.482686636304679  
0.852               -0.479159715031686  -0.480498778806463  
0.854               -0.476988166678384  -0.478268504567696  
0.856               -0.474776446659994  -0.475996377457671  
0.858               -0.472525094668321  -0.473682964016738  
0.86                -0.470234651464289  -0.471328833351089  
0.862               -0.467905658769358  -0.468934557027692  
0.864               -0.465538659157731  -0.466500708969403  
0.866               -0.463134195949375  -0.464027865350274  
0.868               -0.460692813103866  -0.461516604491064  
0.87                -0.4582150551151    -0.458967506754986  
0.872               -0.455701466906863  -0.456381154443696  
0.874               -0.453152593729302  -0.453758131693549  
0.876               -0.450568981056306  -0.451099024372136  
0.878               -0.447951174483813  -0.448404419975122  
0.88                -0.445299719629067  -0.445674907523397  
0.882               -0.44261516203084   -0.442911077460564  
0.884               -0.439898047050639  -0.440113521550777  
0.886               -0.437148919774904  -0.437282832776951  
0.888               -0.434368324918235  -0.434419605239344  
0.89                -0.431556806727638  -0.431524434054553  
0.892               -0.428714908887821  -0.428597915254921  
0.894               -0.425843174427562  -0.425640645688377  
0.896               -0.422942145627138  -0.422653222918728  
0.898               -0.420012363926852  -0.419636245126409  
0.9                 -0.417054369836668  -0.416590311009725  
0.902               -0.414068702846955  -0.413516019686577  
0.904               -0.411055901340368  -0.410413970596706  
0.906               -0.408016502504863  -0.407284763404462  
0.908               -0.404951042247878  -0.404128997902112  
0.91                -0.401860055111664  -0.400947273913707  
0.912               -0.398744074189808  -0.397740191199515  
0.914               -0.395603631044925  -0.394508349361042  
0.916               -0.392439255627566  -0.391252347746651  
0.918               -0.389251476196314  -0.387972785357788  
0.92                -0.386040819239107  -0.384670260755845  
0.922               -0.382807809395775  -0.381345371969648  
0.924               -0.37955296938182   -0.377998716403614  
0.926               -0.37627681991342   -0.374630890746558  
0.928               -0.372979879633699  -0.371242490881191  
0.93                -0.369662665040228  -0.367834111794304  
0.932               -0.366325690413803  -0.364406347487651  
0.934               -0.362969467748481  -0.360959790889563  
0.936               -0.359594506682885  -0.35749503376727   
0.938               -0.356201314432789  -0.35401266663998   
0.94                -0.352790395724983  -0.350513278692699  
0.942               -0.349362252732418  -0.346997457690821  
0.944               -0.345917385010642  -0.343465789895484  
0.946               -0.342456289435528  -0.339918859979717  
0.948               -0.338979460142296  -0.336357250945383  
0.95                -0.335487388465826  -0.332781544040922  
0.952               -0.331980562882282  -0.329192318679917  
0.954               -0.328459468952016  -0.325590152360482  
0.956               -0.324924589263797  -0.321975620585491  
0.958               -0.32137640338032   -0.318349296783644  
0.96                -0.317815387785031  -0.314711752231403  
0.962               -0.314242015830249  -0.311063555975775  
0.964               -0.310656757686589  -0.307405274757981  
0.966               -0.307060080293688  -0.303737472938002  
0.968               -0.303452447312226  -0.300060712420019  
0.97                -0.29983431907725   -0.296375552578745  
0.972               -0.296206152552792  -0.292682550186672  
0.974               -0.292568401287774  -0.288982259342226  
0.976               -0.288921515373216  -0.28527523139885   
0.978               -0.285265941400716  -0.28156201489501   
0.98                -0.28160212242223   -0.277843155485144  
0.982               -0.277930497911114  -0.27411919587155   
0.984               -0.274251503724457  -0.270390675737227  
0.986               -0.270565572066678  -0.26665813167967   
0.988               -0.266873131454389  -0.262922097145633  
0.99                -0.263174606682518  -0.259183102366853  
0.992               -0.259470418791692  -0.255441674296753  
0.994               -0.255760985036865  -0.25169833654813   
0.996               -0.252046718857186  -0.247953609331815  
0.998               -0.248328029847117  -0.24420800939634   
