-1                  0                   0                   
-0.998              0.0007049140974190250.000706825209337197
-0.996              0.00141061797884184 0.00141433855441448 
-0.994              0.00211702560241576 0.00212245753241241 
-0.992              0.00282405031315116 0.00283109894045363 
-0.99               0.00353160484940263 0.00354017888284466 
-0.988              0.0042396013495053  0.00424961277847024 
-0.986              0.00494795135855213 0.00495931536834019 
-0.984              0.00565656583532801 0.00566920072328833 
-0.982              0.00636535515938968 0.00637918225182339 
-0.98               0.00707422913829481 0.00708917270813154 
-0.978              0.00778309701498564 0.00779908420023016 
-0.976              0.00849186747531392 0.00850882819827265 
-0.974              0.00920044865572671 0.00921831554300381 
-0.972              0.00990874815108835 0.00992745645436547 
-0.97               0.0106166730226658  0.0106361605402519  
-0.968              0.0113241298062531  0.0113443368054143  
-0.966              0.0120310245204492  0.012051893660515   
-0.964              0.0127372626750837  0.0127587389313287  
-0.962              0.0134427492797946  0.0134647798680928  
-0.96               0.0141473888527475  0.0141699231550043  
-0.958              0.014851085429513   0.0148740749198635  
-0.956              0.0155537425720819  0.0155771407438642  
-0.954              0.0162552633780345  0.0162790256715288  
-0.952              0.0169555504898579  0.0169796342207886  
-0.95               0.0176545061044023  0.0176788703932076  
-0.948              0.0183520319824935  0.018376637684351   
-0.946              0.0190480294586848  0.0190728390942945  
-0.944              0.0197423994511572  0.0197673771382769  
-0.942              0.0204350424717621  0.0204601538574932  
-0.94               0.0211258586362109  0.0211510708300281  
-0.938              0.0218147476744072  0.0218400291819284  
-0.936              0.0225016089409212  0.0225269295984146  
-0.934              0.0231863414256078  0.0232116723352295  
-0.932              0.0238688437643629  0.0238941572301238  
-0.93               0.0245490142500295  0.0245742837144769  
-0.928              0.0252267508434301  0.0252519508250532  
-0.926              0.0259019511845529  0.025927057215891   
-0.924              0.0265745126038635  0.0265995011703248  
-0.922              0.0272443321337657  0.0272691806131386  
-0.92               0.0279113065201883  0.0279359931228502  
-0.918              0.0285753322343172  0.0285998359441239  
-0.916              0.0292363054844538  0.0292606060003126  
-0.914              0.0298941222280151  0.029918199906125   
-0.912              0.0305486781836572  0.0305725139804207  
-0.91               0.0311998688435396  0.0312234442591278  
-0.908              0.0318475894857145  0.031870886508285   
-0.906              0.0324917351866443  0.032514736237205   
-0.904              0.0331322008338526  0.0331548887117586  
-0.902              0.0337688811386957  0.0337912389677783  
-0.9                0.034401670649265   0.0344236818245791  
-0.898              0.0350304637634088  0.0350521118985966  
-0.896              0.0356551547418801  0.0356764236171395  
-0.894              0.0362756377216072  0.0362965112322558  
-0.892              0.036891806729078   0.036912268834711   
-0.89               0.0375035556938511  0.0375235903680773  
-0.888              0.0381107784621777  0.0381303696429313  
-0.886              0.0387133688107425  0.0387325003511591  
-0.884              0.0393112204605173  0.0393298760803682  
-0.882              0.0399042270907271  0.0399223903284022  
-0.88               0.0404922823529284  0.0405099365179594  
-0.878              0.0410752798851944  0.0410924080113117  
-0.876              0.04165311332641    0.0416696981251227  
-0.874              0.0422256763306706  0.0422417001453639  
-0.872              0.042792862581787   0.0428083073423259  
-0.87               0.0433545658078892  0.0433694129857241  
-0.868              0.043910679796135   0.0439249103598968  
-0.866              0.0444610984075141  0.0444746927790931  
-0.864              0.0450057155917479  0.04501865360285    
-0.862              0.045544425402288   0.0455566862514557  
-0.86               0.0460771220114025  0.0460886842214979  
-0.858              0.0466036997253569  0.0466145411014953  
-0.856              0.047124052999683   0.0471341505876092  
-0.854              0.0476380764545313  0.0476474064994349  
-0.852              0.0481456648901102  0.0481542027958701  
-0.85               0.0486467133022096  0.0486544335910574  
-0.848              0.0491411168978011  0.0491479931704007  
-0.846              0.0496287711107171  0.0496347760066522  
-0.844              0.0501095716174069  0.0501146767760679  
-0.842              0.0505834143527653  0.05058759037463    
-0.84               0.0510501955260314  0.0510534119343345  
-0.838              0.0515098116367592  0.0515120368395398  
-0.836              0.0519621594908517  0.0519633607433774  
-0.834              0.0524071362166594  0.052407279584219   
-0.832              0.0528446392811424  0.0528436896022007  
-0.83               0.0532745665060903  0.0532724873558002  
-0.828              0.0536968160843981  0.0536935697384656  
-0.826              0.0541112865963984  0.0541068339952931  
-0.824              0.0545178770262424  0.0545121777397521  
-0.822              0.0549164867783336  0.0549094989704541  
-0.82               0.0553070156938046  0.0552986960879645  
-0.818              0.0556893640670389  0.0556796679116535  
-0.816              0.0560634326622355  0.0560523136965849  
-0.814              0.0564291227300086  0.0564165331504403  
-0.812              0.056786336024027   0.0567722264504751  
-0.81               0.0571349748176833  0.0571192942605057  
-0.808              0.0574749419207946  0.0574576377479238  
-0.806              0.057806140696332   0.0577871586007363  
-0.804              0.0581284750771732  0.0581077590446282  
-0.802              0.0584418495828752  0.0584193418600459  
-0.8                0.0587461693364717  0.0587218103992978  
-0.798              0.0590413400812793  0.0590150686036713  
-0.796              0.0593272681977227  0.0592990210205616  
-0.794              0.059603860720167   0.0595735728206109  
-0.792              0.0598710253537579  0.0598386298148563  
-0.79               0.0601286704912672  0.0600940984718815  
-0.788              0.0603767052299382  0.0603398859349713  
-0.786              0.0606150393883288  0.0605759000392666  
-0.784              0.0608435835231533  0.0608020493289163  
-0.782              0.0610622489461113  0.0610182430742229  
-0.78               0.0612709477407105  0.0612243912887822  
-0.778              0.0614695927790706  0.0614204047466098  
-0.776              0.061658097738715   0.0616061949992559  
-0.774              0.0618363771193378  0.0617816743929034  
-0.772              0.0620043462595511  0.0619914866229662  
-0.77               0.0621619213536011  0.0621482223588714  
-0.768              0.0623090194680594  0.0622944704170569  
-0.766              0.0624455585584775  0.0624301487387216  
-0.764              0.0625714574860079  0.062555176179869   
-0.762              0.0626866360339803  0.0626694725280693  
-0.76               0.0627910149244428  0.0627729585191648  
-0.758              0.062884515834652   0.0628655558539124  
-0.756              0.0629670614135135  0.0629471872145646  
-0.754              0.0630385752979723  0.0630177762813809  
-0.752              0.0630989821293455  0.0630772477490707  
-0.75               0.063148207569597   0.0631255273431611  
-0.748              0.0631861783175489  0.0631625418362896  
-0.746              0.0632128221250268  0.0631882190644154  
-0.744              0.0632280678129363  0.063202487942949   
-0.742              0.0632318452872686  0.063205278482795   
-0.74               0.0632240855550266  0.0631965218063055  
-0.738              0.0632047207400743  0.0631761501631417  
-0.736              0.0631736840989044  0.0631440969460393  
-0.734              0.0631309100363168  0.0631002967064751  
-0.732              0.0630763341210114  0.0630446851702324  
-0.73               0.0630098931010848  0.0629771992528602  
-0.728              0.0629315249194349  0.0628977770750255  
-0.726              0.0628411687290596  0.062806357977753   
-0.724              0.0627387649082626  0.0627028825375512  
-0.722              0.0626242550757411  0.0625872925814206  
-0.72               0.0624975821055757  0.062459531201741   
-0.718              0.062358690142097   0.0623195427710352  
-0.716              0.0622075246146439  0.0621672729566055  
-0.714              0.0620440322521966  0.0620026687350404  
-0.712              0.0618681610978902  0.0618256784065878  
-0.71               0.0616798605234011  0.0616362516093922  
-0.708              0.0614790812432009  0.0614343393335927  
-0.706              0.0612657753286811  0.0612198939352783  
-0.704              0.0610398962221391  0.0609928691502976  
-0.702              0.0608013987506254  0.0607532201079208  
-0.7                0.0605502391396464  0.0605009033443495  
-0.698              0.0602863750267217  0.0602358768160721  
-0.696              0.0600097654747927  0.0599580999130618  
-0.694              0.0597203709854742  0.0596675334718141  
-0.692              0.0594181535121568  0.0593641397882207  
-0.69               0.0591030764729408  0.0590478826302773  
-0.688              0.0587751047634157  0.058718727250621   
-0.686              0.058434204769267   0.0583766403988969  
-0.684              0.0580803443787191  0.0580215903339485  
-0.682              0.0577134929947997  0.0576535468358301  
-0.68               0.0573336215474364  0.0572724812176383  
-0.678              0.0569407025053655  0.0568783663371598  
-0.676              0.0565347098878653  0.0564711766083328  
-0.674              0.0561156192763027  0.056050888012518   
-0.672              0.0556834078254892  0.0556174781095787  
-0.67               0.0552380542748484  0.0551709260487644  
-0.668              0.0547795389593876  0.0547112125793983  
-0.666              0.0543078438204723  0.0542383200613627  
-0.664              0.0538229524163998  0.0537522324753823  
-0.662              0.0533248499327686  0.0532529354331014  
-0.66               0.0528135231926447  0.0527404161869525  
-0.658              0.0522889606665112  0.052214663639814   
-0.656              0.0517511524820173  0.0516756683544536  
-0.654              0.0512000904334974  0.0511234225627566  
-0.652              0.0506357679912837  0.0505579201747338  
-0.65               0.0500581803107934  0.0499791567873102  
-0.648              0.0494673242413911  0.0493871296928873  
-0.646              0.0488631983350271  0.0487818378876816  
-0.644              0.0482458028546423  0.0481632820798327  
-0.642              0.0476151397823489  0.0475314646972815  
-0.64               0.0469712128273659  0.0468863898954137  
-0.638              0.0463140274337259  0.0462280635644693  
-0.636              0.0456435907877379  0.0455564933367122  
-0.634              0.0449599118252077  0.0448716885933605  
-0.632              0.0442630012384139  0.0441736604712744  
-0.63               0.0435528714828376  0.0434624218693987  
-0.628              0.0428295367836379  0.0427379874549586  
-0.626              0.0420930131418806  0.0420003736694071  
-0.624              0.041343318340507   0.0412495987341202  
-0.622              0.0405804719500478  0.0404856826558395  
-0.62               0.039804495334078   0.0397086472318597  
-0.618              0.0390154116544087  0.0389185160549589  
-0.616              0.0382132458760154  0.0381153145180692  
-0.614              0.0373980247717003  0.0372990698186872  
-0.612              0.0365697769264861  0.0364698109630207  
-0.61               0.0357285327417391  0.0356275687698711  
-0.608              0.0348743244390206  0.0347723758742495  
-0.606              0.0340071860636642  0.0339042667307244  
-0.604              0.0331271534880733  0.0330232776164989  
-0.602              0.0322342644147466  0.032129446634217   
-0.6                0.031328558379017   0.0312228137144965  
-0.598              0.0304100767515135  0.0303034206181867  
-0.596              0.0294788627403358  0.0293713109383501  
-0.594              0.028534961392946   0.0284265301019663  
-0.592              0.0275784195977715  0.0274691253713563  
-0.59               0.0266092860855208  0.0265244438102869  
-0.588              0.0256276114302079  0.0255426102343132  
-0.586              0.0246334480498863  0.0245483198279994  
-0.584              0.0236268502070877  0.023541627429934   
-0.582              0.0226078740089681  0.0225225897191538  
-0.58               0.0215765774071574  0.0214912652148665  
-0.578              0.0205330201973124  0.0204477142758855  
-0.576              0.0194772640183697  0.0193919990997749  
-0.574              0.0184093723515011  0.0183241837217041  
-0.572              0.0173294105187677  0.0172443340130103  
-0.57               0.0162374456814714  0.0161525176794693  
-0.568              0.0151335468382032  0.0150488042592728  
-0.566              0.0140177848225921  0.0139332651207103  
-0.564              0.0128902323007437  0.0128059734595578  
-0.562              0.0117509637683773  0.0116670042961693  
-0.56               0.0106000555476534  0.0105164344722726  
-0.558              0.00943758578370085 0.00935434264746762 
-0.556              0.00826363444082762 0.00818080929542706 
-0.554              0.00707828329843169 0.00699591669979917 
-0.552              0.00588161594659664 0.0057997489498114  
-0.55               0.00467371778138409 0.00459239193557514 
-0.548              0.00345467599981181 0.00337393334309073 
-0.546              0.00222457959452524 0.00214446264895279 
-0.544              0.0009835193481574910.000904071114755163
-0.542              -0.000268412172620691-0.00034714821880414
-0.54               -0.00153112062336228-0.00160910053811908
-0.538              -0.00280450988841247-0.00288168926317178
-0.536              -0.00408848208779475-0.00416481605433015
-0.534              -0.00538293758439831-0.00545838081944557
-0.532              -0.00668777499148354-0.00676228172125178
-0.53               -0.0080028911804933 -0.00807641518506428
-0.528              -0.00932818128917684-0.00940067590678   
-0.526              -0.0106635387300232 -0.0107349568611773 
-0.524              -0.0120088551990009 -0.0120791493105162 
-0.522              -0.0133640206846118 -0.013433142813438  
-0.52               -0.0147289234772473 -0.0147968252341647 
-0.518              -0.0161034501788594 -0.016170082751996  
-0.516              -0.0174874857129334 -0.0175527998711072 
-0.514              -0.0188809133347693 -0.0189448594306418 
-0.512              -0.0202836146420708 -0.0203461426151043 
-0.51               -0.0216954695858352 -0.0217565289650479 
-0.508              -0.0231163564815519 -0.0231758963880584 
-0.506              -0.0245461520207024 -0.024604121170034  
-0.504              -0.0259847312825621 -0.0260410779867587 
-0.502              -0.0274319677463024 -0.0274866399157694 
-0.5                -0.0288877333033966 -0.028940678448516  
-0.498              -0.0303518982703207 -0.0304030635028125 
-0.496              -0.0318243314015531 -0.031873663435579  
-0.494              -0.0333048999028714 -0.033352345055873  
-0.492              -0.0347934694449445 -0.0348389736382092 
-0.49               -0.0362899041772141 -0.0363334129361666 
-0.488              -0.0377940667420747 -0.0378355251962806 
-0.486              -0.0393058182893369 -0.0393451711722208 
-0.484              -0.0408250184909859 -0.0408622101392508 
-0.482              -0.0423515255562204 -0.0423864999089711 
-0.48               -0.0438851962467836 -0.0439178968443411 
-0.478              -0.0454258858925696 -0.0454562558749799 
-0.476              -0.0469734484075206 -0.0470014305127451 
-0.474              -0.0485277363057942 -0.0485532728675863 
-0.472              -0.0500886007182147 -0.0501116336636727 
-0.47               -0.0516558914089951 -0.0516763622557923 
-0.468              -0.053229456792739  -0.0532473066460224 
-0.466              -0.0548091439517032 -0.0548243135006665 
-0.464              -0.0563947986533401 -0.05640722816746   
-0.462              -0.0579862653680958 -0.0579958946930385 
-0.46               -0.0595833872874829 -0.0595901558406687 
-0.458              -0.0611860063424041 -0.0611857530451653 
-0.456              -0.0627939632217444 -0.0627921590237945 
-0.454              -0.0644070973912123 -0.0644037392473672 
-0.452              -0.0660252471124379 -0.0660203328252062 
-0.45               -0.0676482494623227 -0.0676417776883463 
-0.448              -0.0692759403526368 -0.0692679106086072 
-0.446              -0.0709081545498605 -0.0708985672179047 
-0.444              -0.0725447256952701 -0.0725335820277984 
-0.442              -0.0741854863252633 -0.0741727884492721 
-0.44               -0.07583026789192   -0.075816018812745  
-0.438              -0.0774789007837977 -0.0774631043883113 
-0.436              -0.0791312143469583 -0.0791138754062043 
-0.434              -0.0807870369062202 -0.0807681610774834 
-0.432              -0.0824461957866374 -0.0824257896149407 
-0.43               -0.0841085173351968 -0.084086588254224  
-0.428              -0.0857738269427346 -0.0857503832751741 
-0.426              -0.0874419490660683 -0.087417000023373  
-0.424              -0.0891127072503368 -0.0890862629318987 
-0.422              -0.0907859241515513 -0.0907579955432866 
-0.42               -0.0924614215593461 -0.0924320205316917 
-0.418              -0.0941390204199349 -0.0941081597252484 
-0.416              -0.095818540859259  -0.0957862341286272 
-0.414              -0.0974998022063328 -0.0974660639457824 
-0.412              -0.0991826230167763 -0.0991474686028891 
-0.41               -0.100866821096534  -0.100830266771465  
-0.408              -0.102552213525777  -0.102514276391676  
-0.406              -0.104238616682979  -0.104199314695816  
-0.404              -0.105925846269176  -0.105885198231969  
-0.402              -0.107613717332386  -0.107571742887837  
-0.4                -0.109302044292198  -0.109258763914736  
-0.398              -0.110990640964531  -0.110946075951764  
-0.396              -0.112679320586539  -0.112633493050117  
-0.394              -0.114367895841681  -0.114320828697578  
-0.392              -0.116056178884936  -0.116007895843144  
-0.39               -0.117743981368166  -0.117694506921816  
-0.388              -0.119431114465618  -0.119380473879526  
-0.386              -0.121117388899569  -0.121065608198211  
-0.384              -0.122802614966098  -0.122749720921025  
-0.382              -0.124486602560996  -0.124432622677683  
-0.38               -0.126169161205789  -0.12611412370994   
-0.378              -0.127850100073894  -0.12779403389719   
-0.376              -0.129529228016882  -0.129472162782198  
-0.374              -0.131206353590856  -0.131148319596941  
-0.372              -0.132881285082938  -0.132822313288566  
-0.37               -0.134553830537857  -0.134493952545465  
-0.368              -0.136223797784637  -0.136163045823448  
-0.366              -0.137890994463373  -0.137829401372025  
-0.364              -0.139555228052104  -0.13949282726078   
-0.362              -0.14121630589377   -0.141153131405845  
-0.36               -0.142874035223243  -0.142810121596464  
-0.358              -0.144528223194437  -0.144463605521633  
-0.356              -0.146178676907494  -0.146113390796835  
-0.354              -0.147825203436026  -0.147759284990843  
-0.352              -0.149467609854427  -0.149412646784771  
-0.35               -0.151105703265241  -0.151050461079547  
-0.348              -0.152739290826577  -0.152683811006607  
-0.346              -0.154368179779577  -0.154312504217669  
-0.344              -0.155992177475921  -0.155936348451225  
-0.342              -0.157611091405382  -0.157555151559684  
-0.34               -0.159224729223398  -0.159168721536562  
-0.338              -0.160832898778683  -0.16077686654371   
-0.336              -0.16243540814086   -0.162379394938591  
-0.334              -0.164032065628115  -0.168849155385029  
-0.332              -0.165622679834856  -0.170441384001501  
-0.33               -0.167207059659394  -0.172025907125875  
-0.328              -0.168785014331618  -0.173602497187921  
-0.326              -0.170356353440679  -0.175170926569148  
-0.324              -0.171920886962658  -0.176730967632129  
-0.322              -0.173478425288234  -0.178282392749936  
-0.32               -0.175028779250335  -0.179824974335691  
-0.318              -0.176571760151764  -0.18135848487221   
-0.316              -0.178107179792807  -0.182882696941765  
-0.314              -0.179634850498809  -0.184397383255928  
-0.312              -0.181154585147716  -0.185902316685525  
-0.31               -0.182666197197578  -0.182614480214749  
-0.308              -0.184169500714014  -0.184118428210354  
-0.306              -0.185664310397614  -0.185613927033614  
-0.304              -0.187150441611308  -0.187100791893353  
-0.302              -0.188627710407659  -0.188578838658922  
-0.3                -0.190095933556104  -0.19004788388736   
-0.298              -0.191554928570123  -0.191507744850514  
-0.296              -0.193004513734338  -0.192958239562096  
-0.294              -0.194444508131532  -0.194399186804692  
-0.292              -0.195874731669589  -0.1958304061567    
-0.29               -0.197295005108348  -0.197251718019199  
-0.288              -0.19870515008636   -0.198662943642753  
-0.286              -0.200104989147559  -0.200063905154131  
-0.284              -0.201494345767821  -0.201454425582946  
-0.282              -0.20287304438143   -0.202834328888212  
-0.28               -0.20424091040742   -0.204203439984801  
-0.278              -0.205597770275818  -0.205561584769817  
-0.276              -0.206943451453755  -0.206908590148859  
-0.274              -0.208277782471461  -0.208244284062182  
-0.272              -0.209600592948128  -0.209568495510749  
-0.27               -0.210911713617642  -0.210881054582175  
-0.268              -0.21221097635418   -0.212181792476541  
-0.266              -0.213498214197657  -0.213470541532093  
-0.264              -0.214773261379038  -0.21473298775096   
-0.262              -0.216035953345493  -0.215997052646502  
-0.26               -0.217286126785395  -0.217248630322132  
-0.258              -0.218523619653166  -0.218487557900729  
-0.256              -0.21974827119395   -0.219713673769688  
-0.254              -0.22095992196813   -0.220926817605783  
-0.252              -0.222158413875659  -0.222126830399878  
-0.25               -0.223343590180226  -0.223313554481481  
-0.248              -0.224515295533234  -0.224486833543127  
-0.246              -0.2256733759976    -0.225646512664604  
-0.244              -0.226817679071355  -0.226802881557961  
-0.242              -0.227948053711063  -0.227935257258918  
-0.24               -0.22906435035504   -0.229053583763736  
-0.238              -0.230166420946362  -0.230157712015315  
-0.236              -0.23125411895568   -0.231247494462164  
-0.234              -0.232327299403823  -0.232322785081512  
-0.232              -0.233385818884182  -0.23338343940222   
-0.23               -0.234429535584881  -0.234429314527487  
-0.228              -0.235458309310734  -0.23546026915736   
-0.226              -0.236472001504965  -0.236476163611024  
-0.224              -0.237470475270707  -0.237476859848883  
-0.222              -0.238453595392267  -0.238462221494428  
-0.22               -0.239421228356162  -0.23943211385587   
-0.218              -0.240373242371902  -0.240386403947566  
-0.216              -0.241309507392544  -0.241324960511196  
-0.214              -0.242229895134992  -0.242247654036722  
-0.212              -0.243134279100049  -0.243154356783102  
-0.21               -0.244022534592215  -0.244044942798763  
-0.208              -0.244894538739233  -0.244919287941833  
-0.206              -0.245750170511367  -0.245777269900122  
-0.204              -0.246589310740426  -0.246618768210851  
-0.202              -0.247411842138511  -0.247443664280126  
-0.2                -0.248217649316505  -0.248251841402148  
-0.198              -0.249006618802277  -0.24904318477817   
-0.196              -0.249778639058624  -0.249817581535177  
-0.194              -0.250533600500918  -0.250574920744304  
-0.192              -0.251271395514487  -0.251315093438972  
-0.19               -0.251991918471702  -0.252037992632757  
-0.188              -0.252695065748778  -0.252743513336973  
-0.186              -0.253380735742285  -0.25343155257797   
-0.184              -0.254048828885367  -0.254102009414152  
-0.182              -0.254699247663664  -0.254754784952699  
-0.18               -0.255331896630934  -0.255389782365998  
-0.178              -0.255946682424376  -0.256006906907779  
-0.176              -0.256543513779647  -0.256606065928951  
-0.174              -0.25712230154558   -0.257187168893136  
-0.172              -0.257682958698579  -0.257750127391897  
-0.17               -0.258225400356716  -0.258294855159659  
-0.168              -0.258749543793511  -0.258821268088318  
-0.166              -0.259255308451391  -0.259329284241539  
-0.164              -0.259742615954843  -0.259818823868738  
-0.162              -0.260211390123231  -0.260289809418736  
-0.16               -0.260661556983303  -0.260742165553105  
-0.158              -0.261093044781374  -0.261175819159179  
-0.156              -0.261505783995173  -0.261590699362744  
-0.154              -0.26189970734537   -0.261986737540398  
-0.152              -0.262274749806773  -0.262363867331576  
-0.15               -0.262630848619188  -0.262722024650242  
-0.148              -0.262967943297953  -0.263061147696253  
-0.146              -0.263285975644129  -0.263381176966368  
-0.144              -0.263584889754358  -0.263682055264936  
-0.142              -0.263864632030386  -0.26396372771422   
-0.14               -0.264125151188239  -0.264226141764399  
-0.138              -0.264366398267062  -0.264469247203201  
-0.136              -0.264588326637614  -0.264692996165206  
-0.134              -0.264790892010423  -0.264897343140782  
-0.132              -0.264974052443588  -0.265082244984685  
-0.13               -0.265137768350238  -0.265247660924289  
-0.128              -0.265282002505647  -0.26539355256747   
-0.126              -0.265406720053996  -0.265519883910132  
-0.124              -0.265511888514786  -0.265626621343369  
-0.122              -0.265597477788898  -0.26571373366027   
-0.12               -0.265663460164305  -0.265781192062361  
-0.118              -0.265709810321432  -0.265828970165684  
-0.116              -0.265736505338157  -0.26585704400651   
-0.114              -0.265743524694465  -0.265865392046688  
-0.112              -0.265730850276739  -0.265853995178628  
-0.11               -0.265698466381703  -0.265822836729908  
-0.108              -0.265646359720007  -0.265771902467524  
-0.106              -0.265574519419449  -0.265701180601757  
-0.104              -0.265482937027856  -0.26561066178968   
-0.102              -0.265371606515582  -0.265500339138285  
-0.1                -0.265240524277678  -0.265370208207242  
-0.098              -0.265089689135683  -0.265220267011279  
-0.096              -0.264919102339062  -0.265050516022195  
-0.094              -0.264728767566289  -0.264860958170494  
-0.092              -0.264518690925571  -0.264651598846642  
-0.09               -0.264288880955211  -0.264422445901953  
-0.088              -0.264039348623612  -0.264173509649096  
-0.086              -0.263770107328928  -0.263904802862223  
-0.084              -0.26348117289835   -0.263616340776729  
-0.082              -0.26317256358704   -0.263308141088624  
-0.08               -0.262844300076704  -0.262980223953535  
-0.078              -0.262496405473805  -0.262632611985332  
-0.076              -0.262128905307427  -0.262265330254371  
-0.074              -0.261741827526773  -0.261878406285365  
-0.072              -0.261335202498315  -0.261471870054878  
-0.07               -0.260909063002582  -0.261045753988439  
-0.0679999999999999 -0.260463444230596  -0.260600092957283  
-0.0659999999999999 -0.259998383779953  -0.260134924274715  
-0.0639999999999999 -0.259513921650553  -0.259650287692099  
-0.0620000000000001 -0.25901010023997   -0.259146225394472  
-0.0600000000000001 -0.258486964338477  -0.258622781995784  
-0.0580000000000001 -0.257944561123717  -0.258080004533761  
-0.056              -0.257382940155023  -0.257517942464401  
-0.054              -0.256802153367392  -0.256936647656092  
-0.052              -0.256202255065101  -0.256336174383362  
-0.05               -0.25558330191499   -0.255716579320259  
-0.048              -0.254945352939389  -0.255077921533355  
-0.046              -0.254288469508701  -0.254420262474392  
-0.044              -0.253612715333642  -0.253743665972552  
-0.042              -0.252918156457144  -0.253048198226363  
-0.04               -0.252204861245908  -0.252333927795244  
-0.038              -0.25147290038162   -0.251600925590678  
-0.036              -0.250722346851836  -0.250849264867032  
-0.034              -0.249953275940518  -0.250079021212009  
-0.032              -0.249165765218245  -0.249290272536745  
-0.03               -0.248359894532083  -0.248483099065545  
-0.028              -0.247535745995131  -0.247657583325265  
-0.026              -0.246693403975725  -0.246813810134337  
-0.024              -0.245832955086327  -0.245951866591446  
-0.022              -0.244954488172075  -0.24507184206385   
-0.02               -0.244058094299017  -0.244173828175354  
-0.018              -0.243143866742015  -0.243257918793939  
-0.016              -0.242211900972335  -0.242324210019039  
-0.014              -0.241262294644909  -0.241372800168486  
-0.012              -0.240295147585286  -0.240403789765101  
-0.01               -0.239310561776268  -0.239417281522956  
-0.00800000000000001-0.23830864134423   -0.238378999867168  
-0.00600000000000001-0.237289492545128  -0.237358887149659  
-0.004              -0.236253223750204  -0.236321628724623  
-0.002              -0.235199945431379  -0.235267336212469  
0                   -0.234129770146344  -0.234196123347542  
0.002               -0.233042812523348  -0.233108105962265  
0.004               -0.23193918924569   -0.232003401970963  
0.00600000000000001 -0.230819019035909  -0.230882131353364  
0.00800000000000001 -0.229682422639681  -0.229744416137788  
0.01                -0.228529522809429  -0.228590380384013  
0.012               -0.227360444287632  -0.227420150165842  
0.014               -0.226175313789859  -0.226233853553348  
0.016               -0.224974259987514  -0.225031620594828  
0.018               -0.223757413490293  -0.223813583298442  
0.02                -0.222524906828376  -0.222579875613561  
0.022               -0.221276874434325  -0.221330633411815  
0.024               -0.220013452624728  -0.220065994467853  
0.026               -0.218734779581553  -0.218786098439805  
0.028               -0.217440995333249  -0.217491086849465  
0.03                -0.216132241735574  -0.216181103062191  
0.032               -0.214808662452165  -0.214856292266519  
0.034               -0.213470402934844  -0.213516801453509  
0.036               -0.212117610403678  -0.212162779395814  
0.038               -0.210750433826769  -0.210794376626479  
0.04                -0.209369023899813  -0.209411745417479  
0.042               -0.2079735330254    -0.208015039757992  
0.044               -0.206564115292073  -0.206604415332413  
0.046               -0.205140926453149  -0.20518002949812   
0.048               -0.203704123905298  -0.20374204126298   
0.05                -0.202253866666896  -0.202290611262616  
0.052               -0.200790315356134  -0.20082590173743   
0.054               -0.199313632168915  -0.199334982316147  
0.056               -0.197823980856517  -0.197844716137078  
0.0580000000000001  -0.196321526703035  -0.196341678786439  
0.0600000000000001  -0.194806436502611  -0.19482603883766   
0.0620000000000001  -0.193278878536448  -0.19327467285197   
0.0640000000000001  -0.191739022549609  -0.191732041375397  
0.0660000000000001  -0.190187039727618  -0.190177283903954  
0.0680000000000001  -0.188623102672849  -0.188610574734729  
0.0700000000000001  -0.187047385380717  -0.187032089561748  
0.0720000000000001  -0.185460063215681  -0.185442005450918  
0.0740000000000001  -0.18386131288704   -0.183840500814778  
0.0760000000000001  -0.182251312424555  -0.18222775538705   
0.0780000000000001  -0.18063024115387   -0.180603950197006  
0.0800000000000001  -0.178998279671766  -0.178969267543641  
0.0820000000000001  -0.177355609821231  -0.177323890969677  
0.0840000000000001  -0.175702414666347  -0.175668005235383  
0.0860000000000001  -0.174038878467025  -0.174001796292223  
0.0880000000000001  -0.17236518665356   -0.172325451256338  
0.0900000000000001  -0.170681525801023  -0.170639158381865  
0.0920000000000001  -0.1689880836035    -0.1689431070341    
0.0940000000000001  -0.167285048848176  -0.167237487662503  
0.0960000000000001  -0.165572611389261  -0.165522491773552  
0.0980000000000001  -0.163850962121775  -0.163798311903462  
0.1                 -0.162120292955188  -0.162065141590752  
0.102               -0.160380796786919  -0.160323175348685  
0.104               -0.1586326674757    -0.158572608637575  
0.106               -0.156876099814814  -0.156813637836963  
0.108               -0.155111289505193  -0.155046460217681  
0.11                -0.153338433128407  -0.153271273913791  
0.112               -0.151557728119529  -0.151488277894417  
0.114               -0.149769372739873  -0.149697671935468  
0.116               -0.147973566049644  -0.14789965659126   
0.118               -0.146170507880457  -0.146094433166038  
0.12                -0.144360398807774  -0.144282203685407  
0.122               -0.142543440123223  -0.142463170867678  
0.124               -0.140719833806839  -0.140637538095124  
0.126               -0.138889782499207  -0.138805509385166  
0.128               -0.137053489473514  -0.136967289361478  
0.13                -0.135211158607535  -0.13512308322503   
0.132               -0.133362994355519  -0.13328043299227   
0.134               -0.131509201720024  -0.131424950067202  
0.136               -0.129649986223666  -0.129564100109454  
0.138               -0.127785553880813  -0.127698090331927  
0.14                -0.125916111169213  -0.125827128379026  
0.142               -0.124041865001571  -0.123951422297393  
0.144               -0.122163022697065  -0.122071180506602  
0.146               -0.120279791952826  -0.12018661176983   
0.148               -0.118392380815367  -0.118297925164501  
0.15                -0.116500997651973  -0.116405330052906  
0.152               -0.11460585112206   -0.11450113777814   
0.154               -0.112707150148501  -0.112601237816588  
0.156               -0.110805103888927  -0.110698058744607  
0.158               -0.10889992170701   -0.108791810797125  
0.16                -0.106991813143718  -0.10688270434733   
0.162               -0.105080987888573  -0.10497094987729   
0.164               -0.103167655750887  -0.103056757948568  
0.166               -0.101252026631001  -0.101140339172865  
0.168               -0.0993343104915218 -0.0992219041826956 
0.17                -0.0974147173285672 -0.0973016636020744 
0.172               -0.0954934571430164 -0.0953798280172544 
0.174               -0.0935707399117753 -0.0934566079474941 
0.176               -0.0916467755590621 -0.0915322138158721 
0.178               -0.0897217739277128 -0.0896068559201508 
0.18                -0.0877959447505147 -0.0876807444036908 
0.182               -0.0858694976215714 -0.0857540892264272 
0.184               -0.0839426419677048 -0.0838271001359064 
0.186               -0.0820155870198951 -0.0818999866383918 
0.188               -0.0800885417847671 -0.0799729579700415 
0.19                -0.0781617150161241 -0.0780462230681638 
0.192               -0.076235315186539  -0.076119990542554  
0.194               -0.0743095504589981 -0.0733817862462426 
0.196               -0.072384628658613  -0.0715449210539399 
0.198               -0.0704607572443933 -0.0697107262521408 
0.2                 -0.068538143281095  -0.0678794148227475 
0.202               -0.0666169934111454 -0.0660511990660578 
0.204               -0.0646975138266419 -0.0645847789909791 
0.206               -0.0627799102414397 -0.0626678706854138 
0.208               -0.0608643878633316 -0.0607531184352062 
0.21                -0.0589511513663131 -0.0588407266285273 
0.212               -0.0570404048629495 -0.056930899044932  
0.214               -0.0551323518768464 -0.0550238388279002 
0.216               -0.053227195315222  -0.0531197484575162 
0.218               -0.0513251374415933 -0.0512188297232874 
0.22                -0.0494263798485767 -0.0493212836971093 
0.222               -0.047531123430807  -0.0474344041818684 
0.224               -0.045639568357979  -0.0455443068229993 
0.226               -0.0437519140480208 -0.0436581817545114 
0.228               -0.0418683591403926 -0.0417762269135193 
0.23                -0.0399891014695287 -0.0398986393866174 
0.232               -0.0381143380384155 -0.0380256153838038 
0.234               -0.0362442649923157 -0.0361573502125781 
0.236               -0.0343790775926415 -0.0342940382522184 
0.238               -0.032518970190979  -0.0324358729282408 
0.24                -0.030664136203276  -0.0305830466870453 
0.242               -0.0288147680841806 -0.0287357509707526 
0.244               -0.0269710573015571 -0.0268941761922348 
0.246               -0.0251331943111607 -0.0250585117103447 
0.248               -0.0233013685314974 -0.0232289458053478 
0.25                -0.0214757683188486 -0.0214056656545589 
0.252               -0.0196565809424889 -0.0195888573081892 
0.254               -0.017843992560083  -0.0177699455020338 
0.256               -0.0160381881932756 -0.0159664555761293 
0.258               -0.0142393517034732 -0.0141699874294998 
0.26                -0.012447665767822  -0.0123807223848821 
0.262               -0.0106633118553942 -0.0105988405208826 
0.264               -0.00888647020357025-0.00882452064916014
0.266               -0.00711731979463825-0.00705794029184159
0.268               -0.00535603833260168-0.00529927565917615
0.27                -0.00360280222020604-0.00354870162743076
0.272               -0.00185778653618496-0.00180639171702868
0.274               -0.000121165012733071-7.25180709375828E-05
0.276               0.00160688998679726 0.00165274856669326 
0.278               0.00332620748996526 0.00336923887164164 
0.28                0.00503661793707411 0.00507678496046368 
0.282               0.00673795320276671 0.00677522041108516 
0.284               0.00843004661738112 0.0084643802831309  
0.286               0.0101127329880544  0.0101441011379872  
0.288               0.0117858486195827  0.0118142210585964  
0.29                0.0134492313350256  0.0134745796689798  
0.292               0.0151027204960541  0.0151250181534862  
0.294               0.0167461570230432  0.0167653792757639  
0.296               0.0183793834148961  0.0183955073974524  
0.298               0.0200022437686048  0.0200152484965936  
0.3                 0.0216145837985432  0.0216244501857565  
0.302               0.0232162508554853  0.0232229617298759  
0.304               0.0248070939453505  0.024810634063801   
0.306               0.0263869637476655  0.0263873198095531  
0.308               0.0279557126337496  0.0279528732932877  
0.31                0.0295131946846133  0.0295071505619613  
0.312               0.0310592657085696  0.031050009399699   
0.314               0.032593783258554   0.0325813093438616  
0.316               0.0341166066491519  0.0341009117008096  
0.318               0.0356275969733313  0.0356086795613632  
0.32                0.0371266171188714  0.0371044778159536  
0.322               0.0386135317844977  0.0385881731694686  
0.324               0.0400882074957076  0.0400596341557844  
0.326               0.0415505126202871  0.0415187311519879  
0.328               0.0430003173835257  0.0429653363922828  
0.33                0.044437493883112   0.0444075166854979  
0.332               0.0458619161037205  0.0458288291904441  
0.334               0.0472734599312769  0.04723727835904    
0.336               0.0486720031669108  0.0486327439889168  
0.338               0.0500574255405791  0.0500151077995996  
0.34                0.0514296087243761  0.0465011838364069  
0.342               0.052788436345508   0.0478575119040114  
0.344               0.054133793998946   0.0492007872578438  
0.346               0.0554655692597489  0.0505309041017834  
0.348               0.0567836516950533  0.0518477586419617  
0.35                0.0580879328757299  0.0531512490970583  
0.352               0.0593783063877067  0.0544412757082625  
0.354               0.0606546678429534  0.055717740748905   
0.356               0.0619169148901243  0.0569805485337546  
0.358               0.0631649472248706  0.0582296054279806  
0.36                0.064398666599795   0.0594648198557821  
0.362               0.0656179768340824  0.0606861023086797  
0.364               0.0668227838227637  0.0618933653534721  
0.366               0.0680129955456547  0.0630865236398562  
0.368               0.0691885220759303  0.0642654939077087  
0.37                0.070349275588361   0.0654301949940315  
0.372               0.0714951703671922  0.0665805478395576  
0.374               0.0726261228136756  0.0725341994743256  
0.376               0.0737420514532494  0.0736477906378433  
0.378               0.0748428769423625  0.0747463340355765  
0.38                0.0759285220749452  0.0758297540097951  
0.382               0.076998911788526   0.0768979770120916  
0.384               0.078053973169991   0.0779509316080473  
0.386               0.0790936354609875  0.0789885484815601  
0.388               0.0801178300629737  0.0800107604388379  
0.39                0.0811264905419027  0.0810175024120527  
0.392               0.0821195526325557  0.0820087114626591  
0.394               0.0830969542425135  0.0829843267843764  
0.396               0.084058635455772   0.0839442897058352  
0.398               0.0850045385359891  0.0848885436928877  
0.4                 0.0859346079293872  0.0858170343505828  
0.402               0.0868487902672804  0.0867297094248081  
0.404               0.087747034368255   0.0876265188035965  
0.406               0.08862929123998    0.0885074145180996  
0.408               0.0894955140806667  0.0893723507432305  
0.41                0.0903456582801604  0.0902212837979718  
0.412               0.0911796814206818  0.0910541721453552  
0.414               0.091997543277201   0.0918709763921098  
0.416               0.0927992058174578  0.0926716592879817  
0.418               0.0935846332016259  0.0934561857247258  
0.42                0.0943537917816111  0.0942349581770259  
0.422               0.095106650100002   0.094987352413492   
0.424               0.0958431788886596  0.0958247384281712  
0.426               0.0965633510669497  0.0965387577266386  
0.428               0.0972671417396258  0.0972363842677766  
0.43                0.0979545281943528  0.0979175953083648  
0.432               0.0986254898988819  0.0985823702382765  
0.434               0.0992800084978692  0.0992306905770211  
0.436               0.0999180678093492  0.0998625399699699  
0.438               0.100539653820852   0.100477904184269   
0.44                0.101144754685181   0.101076771104434   
0.442               0.101733360715832   0.101659130727641   
0.444               0.102305464382077   0.102224975158701   
0.446               0.102861060303698   0.102774298604724   
0.448               0.103400145245383   0.103307097369488   
0.45                0.103922718110773   0.103817606317051   
0.452               0.104428779936181   0.104317224903808   
0.454               0.104918333883959   0.104800318805242   
0.456               0.105391385235546   0.105260053452144   
0.458               0.105847941384167   0.105721909337223   
0.46                0.106288011827213   0.106163257088572   
0.462               0.106711608158277   0.106588216727426   
0.464               0.107118744058877   0.106996801358217   
0.466               0.107509435289846   0.107389026106737   
0.468               0.107883699682395   0.107764908111409   
0.47                0.108241557128863   0.108124466514269   
0.472               0.108583029573145   0.108467722451667   
0.474               0.108908141000805   0.108794699044692   
0.476               0.109216917428868   0.109105421389319   
0.478               0.109509386895315   0.109399916546286   
0.48                0.109785579448259   0.109678213530698   
0.482               0.110045527134813   0.109940343301361   
0.484               0.110289263989668   0.110186338749853   
0.486               0.110516826023362   0.110416234689336   
0.488               0.110728251210245   0.110630067843097   
0.49                0.110923579476169   0.110827876832844   
0.492               0.111102852685869   0.111009702166738   
0.494               0.111266114630062   0.111175586227178   
0.496               0.111413411012268   0.111325573258339   
0.498               0.111544789435334   0.111473130275968   
0.5                 0.111660299387698   0.111591343001998   
0.502               0.111759992229362   0.111693799332621   
0.504               0.111843921177598   0.111780550804537   
0.506               0.111912141292398   0.111851650750345   
0.508               0.111964709461634   0.111907154284651   
0.51                0.112001684385985   0.11194711828995    
0.512               0.11202312656358    0.111971601402276   
0.514               0.112029098274411   0.111980663996641   
0.516               0.112019663564476   0.111974368172246   
0.518               0.111994888229686   0.111952777737484   
0.52                0.111954839799529   0.111915958194725   
0.522               0.111899587520489   0.111863976724901   
0.524               0.111829202339239   0.111796902171871   
0.526               0.111743756885592   0.111714805026605   
0.528               0.111643325455233   0.111617757411146   
0.53                0.111527983992229   0.111505833062397   
0.532               0.11139781007131    0.111379107315704   
0.534               0.111252882879947   0.111237657088255   
0.536               0.111093283200211   0.11108156086229    
0.538               0.110919093390431   0.110910898668138   
0.54                0.110730397366646   0.110725752067069   
0.542               0.110527280583856   0.110526204133969   
0.544               0.110309830017093   0.110312339439854   
0.546               0.110078134142283   0.110084244034208   
0.548               0.109832282916941   0.109842005427162   
0.55                0.109572367760672   0.109585712571507   
0.552               0.109298481535504   0.109315455844559   
0.554               0.10901071852605    0.109031327029862   
0.556               0.108709174419494   0.108733419298749   
0.558               0.108393946285421   0.108421827191751   
0.56                0.108065132555496   0.10809664659987    
0.562               0.10772283300297    0.10775797474571    
0.564               0.10736714872206    0.10740591016447    
0.566               0.106998182107166   0.107040552684817   
0.568               0.10661603683196    0.106662003409617   
0.57                0.106220817828336   0.106270364696554   
0.572               0.105812631265233   0.105865740138625   
0.574               0.105391584527323   0.105448234544519   
0.576               0.104957786193593   0.105017953918881   
0.578               0.104511346015798   0.104575005442472   
0.58                0.104052374896814   0.104119497452224   
0.582               0.10358098486887    0.103651539421185   
0.584               0.103097289071698   0.103171241938383   
0.586               0.102601401730568   0.102678716688576   
0.588               0.102093438134241   0.102174076431935   
0.59                0.101573514612832   0.101657434983617   
0.592               0.101041748515593   0.101128907193278   
0.594               0.100498258188613   0.10058860892449    
0.596               0.0999431629524502  0.100036657034093   
0.598               0.0993765830796989  0.0994731693514739  
0.6                 0.098798639772484   0.098898264657778   
0.602               0.0982094551399055  0.0983120626650553  
0.604               0.0976091521754278  0.0976929550328078  
0.606               0.0969978547342172  0.0970840509016243  
0.608               0.0963756875104405  0.0964642134938974  
0.61                0.0957427760145226  0.0958335661227435  
0.612               0.0950992465503688  0.0951922329278534  
0.614               0.0944452261925594  0.0945403388543238  
0.616               0.0937808427635198  0.0938780096314498  
0.618               0.0931062248106702  0.0932053717514865  
0.62                0.0924215015835625  0.0925225524483788  
0.622               0.0917268030110033  0.0918296796764647  
0.624               0.0910222596781766  0.0911268820891565  
0.626               0.0903080028037584  0.0904142890176043  
0.628               0.0895841642170466  0.0896920304493413  
0.63                0.0888508763350868  0.088960237006921   
0.632               0.0881082721398226  0.0882190399265444  
0.634               0.0873564851552571  0.0874685710366826  
0.636               0.0865956494246386  0.0867089627367012  
0.638               0.0858258994876784  0.0859403479754846  
0.64                0.0850473703577905  0.0851628602300695  
0.642               0.0842601974993813  0.0843766334842868  
0.644               0.0834645168051662  0.0835818022074178  
0.646               0.0826604645735426  0.0827785013328688  
0.648               0.081848177486008   0.0822648212029784  
0.65                0.0810277925846342  0.0814621017006377  
0.652               0.0801994472495968  0.0806514294423425  
0.654               0.0793632791767765  0.0798329389807565  
0.656               0.0785194263554149  0.0790067651913988  
0.658               0.077668027045857   0.0781730432516752  
0.66                0.076809219757358   0.0773319086199593  
0.662               0.0759431432259788  0.0764834970147264  
0.664               0.0750699363925573  0.0756279443937455  
0.666               0.0741897383807804  0.0747653869333323  
0.668               0.0733026884753381  0.0738959610076619  
0.67                0.0724089261001805  0.073019803168154   
0.672               0.0715085907968738  0.0716269645097876  
0.674               0.0706018222030634  0.0707194666708233  
0.676               0.0696887600310407  0.069805564521585   
0.678               0.0687695440464334  0.0688979487695541  
0.68                0.0678443140469979  0.0679721401097226  
0.682               0.0669132098415471  0.0670403504925133  
0.684               0.065976371228992   0.0661027196670657  
0.686               0.0650339379775168  0.0651593874285676  
0.688               0.0640860498038829  0.0642104935980704  
0.69                0.0631328463528711  0.0632561780023939  
0.692               0.0621744671768597  0.0622965804541236  
0.694               0.0612110517155484  0.0613318407317055  
0.696               0.0602427392758238  0.0603620985596366  
0.698               0.0592696690117804  0.0593874935887608  
0.7                 0.0582919799048861  0.0584081653766656  
0.702               0.0573098107443122  0.057424253368189   
0.704               0.0563233001074158  0.0564358968760345  
0.706               0.0553325863403915  0.055443235061501   
0.708               0.0543378075390781  0.0544464069153267  
0.71                0.0533391015299475  0.0534455512386512  
0.712               0.0523366058512532  0.0524408066241016  
0.714               0.0513304577343618  0.0514323114369979  
0.716               0.0503207940852562  0.0504202037966884  
0.718               0.0493077514662219  0.0494046215580121  
0.72                0.0482914660777177  0.0483857022928926  
0.722               0.0472720737404283  0.0473605195615092  
0.724               0.0462497098775092  0.0463359242755167  
0.726               0.0452245094970208  0.0453084086631607  
0.728               0.0441966071745549  0.0442781089430697  
0.73                0.0431661370360602  0.0432451609597119  
0.732               0.0421332327408649  0.0422097001658264  
0.734               0.0410980274648985  0.041171861605005   
0.736               0.0400606538841189  0.0401317798944232  
0.738               0.0390212441581439  0.0390895892077248  
0.74                0.0379799299140888  0.0380454232580615  
0.742               0.0369368422306183  0.036999415281289   
0.744               0.0358921116222022  0.0359516980193231  
0.746               0.0348458680235909  0.0349024037036568  
0.748               0.0337982407745032  0.0338516640390404  
0.75                0.0327493586045345  0.105241219932821   
0.752               0.031699349618277   0.031746372751489   
0.754               0.0306483412806701  0.0306920817597919  
0.756               0.0295964604025641  0.0296368666501556  
0.758               0.0285438331265141  0.0285808562546764  
0.76                0.0274905849127933  0.0275241787843273  
0.762               0.0264368405256387  0.0264669618138358  
0.764               0.0253827240197231  0.0254093322667373  
0.766               0.0243283587268533  0.0243514164006101  
0.768               0.0232738672429024  0.0232933397924908  
0.77                0.0222193714149704  0.022235227324472   
0.772               0.0211649923287835  0.0211772031694858  
0.774               0.0201108502963205  0.0201193907772715  
0.776               0.0190570648436771  0.019061912860532   
0.778               0.0180037546991665  0.0180048913812779  
0.78                0.0169510377816545  0.0169484475373617  
0.782               0.0158990311891336  0.0158927017492044  
0.784               0.0148478511875336  0.0148377736467133  
0.786               0.0137976131997704  0.0137837820563947  
0.788               0.0127484317950373  0.0127308449886616  
0.79                0.0117004206783317  0.0116790796253372  
0.792               0.0106536926802238  0.0106286023073554  
0.794               0.00960835974686447 0.00957952852266186 
0.796               0.00856453293023673 0.00853197289431162 
0.798               0.00752232237864425 0.00748604916876877 
0.8                 0.00648183732744523 0.00644187020440784 
0.802               0.00544318609002126 0.00539954796021619 
0.804               0.00440647604899591 0.00435919348470126 
0.806               0.00337181364768702 0.00332091690499947 
0.808               0.00233930438180274 0.00228482741619279 
0.81                0.00130905279138238 0.00125103327082821 
0.812               0.0002811624529716060.000219641768644918
0.814               -0.000744264027957131-0.000809240753492313
0.816               -0.00176712502434584-0.00183550893145129
0.818               -0.00278731989465142-0.00285905838348455
0.82                -0.00380474898970784-0.00387978571967068
0.822               -0.00481931365934563-0.00489758855114775
0.824               -0.00583091625878074-0.00591236549913704
0.826               -0.00683946015475501-0.00692401620375716
0.828               -0.00784484973144917-0.00793244133262649
0.83                -0.008846990396153  -0.00897314186876402
0.832               -0.00984578858470275-0.00997563618540881
0.834               -0.0108411517666838 -0.0109746150799362 
0.836               -0.0118329884503952 -0.0119699833065894 
0.838               -0.0128212081875898 -0.0129616466859661 
0.84                -0.0138057215779722 -0.013949512112367  
0.842               -0.0147864402734729 -0.0149334875609338 
0.844               -0.0157632769822889 -0.0159134820945728 
0.846               -0.0167361454726985 -0.0168894058706699 
0.848               -0.0177049605766436 -0.0178611701475929 
0.85                -0.018669638193092  -0.0188286872909813 
0.852               -0.0196300952911701 -0.0197918707798269 
0.854               -0.0205862499130712 -0.0207506352123416 
0.856               -0.0215380211767473 -0.0217048963116143 
0.858               -0.0224853292783721 -0.0226545709310573 
0.86                -0.0234280954945911 -0.0235995770596427 
0.862               -0.0243662421845499 -0.0245398338269273 
0.864               -0.0252996927917075 -0.0254752615078683 
0.866               -0.0262283718454354 -0.0264057815274293 
0.868               -0.0271522049624016 -0.0273313164649771 
0.87                -0.0280711188477454 -0.0282517900584703 
0.872               -0.0289850412960421 -0.029167127208438  
0.874               -0.0298939011920553 -0.0300772539817534 
0.876               -0.0307976285112925 -0.0309820976151969 
0.878               -0.0316961543203468 -0.0318815865188166 
0.88                -0.032589410777041  -0.0327756502790783 
0.882               -0.0334773311303715 -0.0336642196618141 
0.884               -0.0343598497202493 -0.0345472266149637 
0.886               -0.0352369019770522 -0.0354246042711136 
0.888               -0.036108424420972  -0.0362962869498311 
0.89                -0.0369743546611812 -0.037162210159798  
0.892               -0.0378346313947979 -0.0380223106007413 
0.894               -0.0386891944056692 -0.0388765261651637 
0.896               -0.0395379845629668 -0.039724795939874  
0.898               -0.0403809438195983 -0.0405670602073193 
0.9                 -0.0412180152104368 -0.0414032604467174 
0.902               -0.0420491428503701 -0.0422333393349947 
0.904               -0.0428742719321729 -0.0430572407475257 
0.906               -0.0436933487242075 -0.0438749097586795 
0.908               -0.044506320567942  -0.0446862926421709 
0.91                -0.0453131358753119 -0.0454913368712192 
0.912               -0.046113744125899  -0.046289991118516  
0.914               -0.0469080958639582 -0.0470822052560012 
0.916               -0.0476961426952681 -0.0478679303544509 
0.918               -0.0484778372838318 -0.0486471186828757 
0.92                -0.0492531333484105 -0.0494197237077342 
0.922               -0.0500219856589066 -0.0501857000919586 
0.924               -0.050784350032591  -0.0509450036937973 
0.926               -0.0515401833301771 -0.0516975915654748 
0.928               -0.052289443451751  -0.0524434219516684 
0.93                -0.0530320893325521 -0.0531824542878059 
0.932               -0.0537680809386079 -0.0539146491981841 
0.934               -0.0544973792622336 -0.0546399684939096 
0.936               -0.0552199463173885 -0.0553583751706637 
0.938               -0.0559357451348979 -0.0560698334062922 
0.94                -0.0566447397575385 -0.0567743085582238 
0.942               -0.0573468952349993 -0.0574717671607144 
0.944               -0.058042177618708  -0.0581621769219232 
0.946               -0.0587305539565338 -0.0588455067208201 
0.948               -0.0594119922873666 -0.0595217266039254 
0.95                -0.0600864616355774 -0.0601908077818852 
0.952               -0.0607539320053566 -0.060852722625882  
0.954               -0.0614143743749415 -0.061507444663885  
0.956               -0.0620677606907267 -0.0414393272835922 
0.958               -0.0627140638612684 -0.0413579779766632 
0.96                -0.0633532577511764 -0.0412670674857336 
0.962               -0.0639853171749062 -0.0640539155793891 
0.964               -0.0646102178904436 -0.0646723167118453 
0.966               -0.0652279365928925 -0.0652833902685905 
0.968               -0.0658384509079661 -0.0658871177568169 
0.97                -0.0664417393853808 -0.0664834818048673 
0.972               -0.0670377814921583 -0.0670724661571029 
0.974               -0.0676265576058418 -0.0676540556686265 
0.976               -0.0682080490076205 -0.0682282362998634 
0.978               -0.0687822378753747 -0.0687949951110004 
0.98                -0.0693491072766321 -0.0693543202562887 
0.982               -0.0699086411614554 -0.0699062009782049 
0.984               -0.0704608243552411 -0.0704506276014813 
0.986               -0.0710056425514544 -0.070987591527     
0.988               -0.0715430823042875 -0.0715170852255571 
0.99                -0.0720731310212492 -0.072039102231496  
0.992               -0.072595776955689  -0.0725536371362153 
0.994               -0.0731110091992582 -0.0730606855815484 
0.996               -0.0736188176743052 -0.0735602442530219 
0.998               -0.0741191931262188 -0.0740523108729906 
