0.01                3.04156769523563    -0.00498543124380099
0.03                3.04136837763204    -0.0149263873711281 
0.0665237183504657  3.04049201524746    -0.0330290149675789 
0.119775656206147   3.03802933930726    -0.0595194864170449 
0.187171640276951   3.03287784179101    -0.0937402037747325 
0.264433652674796   3.02408601524669    -0.134847593602435  
0.335448841534016   3.01311669109113    -0.175421026613518  
0.395530919845068   3.00149992449092    -0.21257578247103   
0.445684889093212   2.99002714342616    -0.246047012083075  
0.488168941189785   2.9789482964352     -0.276446811899363  
0.524992483700349   2.96826647643911    -0.304514590076007  
0.557651046447303   2.95790221056357    -0.330884399576968  
0.587199175526326   2.94776261156858    -0.356045438140068  
0.614371575565935   2.93776531803409    -0.380360255623631  
0.639682815335164   2.92784418488128    -0.404093632907625  
0.663498084888791   2.91794845952516    -0.427438355263066  
0.686081091362927   2.90804009422302    -0.450535180425393  
0.70762604821724    2.89809090283418    -0.473487516322144  
0.728279042350367   2.88808011005662    -0.496371981530002  
0.748152388948207   2.87799240359395    -0.519245940282869  
0.767334355802329   2.86781644760171    -0.542152866014612  
0.785895814374433   2.85754377398888    -0.565126161392998  
0.803894837016252   2.84716796708678    -0.58819188516143   
0.821379911088727   2.83668406935039    -0.611370705365693  
0.838392214149759   2.82608815049806    -0.634679304811462  
0.854967246309247   2.81537699598606    -0.658131398120452  
0.871136018459795   2.80454788184038    -0.681738472813211  
0.88692593063249    2.79359841157466    -0.705510333764218  
0.902361431812387   2.7825263975281     -0.729455507079312  
0.917464523816247   2.77132977386521    -0.753581543048393  
0.932255152491447   2.76000653207471    -0.777895246287069  
0.946751516397043   2.74855467240964    -0.802402853059008  
0.960970314204522   2.73697216658282    -0.827110170051394  
0.974926945935319   2.72525692836869    -0.852022684844391  
0.988635678922902   2.71340678971184    -0.877145655469643  
1.0021097864406     2.70141948061456    -0.902484184439881  
1.01536166486475    2.68929261154873    -0.928043281204446  
1.02840293377195    2.67702365746977    -0.953827915970725  
1.04124452231392    2.66460994274182    -0.97984306710795   
1.05389674444811    2.65204862644407    -1.00609376383273   
1.0663883230743     2.63931711723827    -1.03262585339873   
1.07880154168143    2.62633334309097    -1.05960788796721   
1.09118862596444    2.6130391913812     -1.08715671181673   
1.10358362954106    2.59939106750127    -1.11535760804085   
1.11600954139508    2.58535406989701    -1.14427665870162   
1.12848262641798    2.57089830181769    -1.17396850923002   
1.14101511816451    2.55599647906349    -1.20448134492715   
1.15361691242037    2.54062233505965    -1.23586014816944   
1.1662966487152     2.5247495175491     -1.26814888827062   
1.17906241576889    2.50835078444098    -1.30139205147464   
1.19192222703386    2.49139737456425    -1.33563577106778   
1.20488435816587    2.47385847065006    -1.37092872721924   
1.21795760511411    2.45570069705595    -1.40732293062611   
1.23115150133567    2.43688760945915    -1.44487447045315   
1.24447652055507    2.41737914143192    -1.48364428779439   
1.25794428461542    2.39713097542184    -1.52369902645641   
1.271567792603      2.37609380416369    -1.56511201078      
1.2853616866319     2.35421244317958    -1.60796440437339   
1.29934257103479    2.33142474535327    -1.6523466140318    
1.31352940522804    2.30766025343155    -1.69836002086621   
1.32794399662973    2.28283850356139    -1.74611914818993   
1.34261162965447    2.25686685897336    -1.79575441735993   
1.35756188171364    2.22963770156993    -1.84741570594579   
1.372829700323      2.20102473014443    -1.90127701991992   
1.3884568521507     2.17087798930571    -1.95754274498423   
1.40449391466435    2.13901705074136    -2.0164561910571    
1.42100308179316    2.10522142820144    -2.07831156179174   
1.43806223160723    2.06921671232879    -2.14347121114335   
1.45577102846849    2.03065381967977    -2.21239138679719   
1.47411438801028    1.98941037191326    -2.28507839111212   
1.4926842200947     1.94628769044095    -2.3599112777987    
1.51121332367877    1.90186340979722    -2.43571805756113   
1.52953684985226    1.856540893341      -2.51167279682317   
1.54755978133236    1.8105960311527     -2.58719999680295   
1.56523279075408    1.76421493554362    -2.66189859175417   
1.58253550459497    1.71752197900266    -2.73548610006172   
1.59946537318832    1.6705997127236     -2.8077594205376    
1.61603047258548    1.62350261329775    -2.87856809928065   
1.63224494638313    1.57626638634137    -2.94779644991069   
1.64812617270552    1.52891417402953    -3.01535175452427   
1.66369303840722    1.48146064897282    -3.08115655052689   
1.67896491486083    1.43391468379776    -3.14514362074531   
1.69396107399898    1.38628106819375    -3.20725275109937   
1.70870037851788    1.3385615905358     -3.2674286325477    
1.72320114189183    1.2907556940532     -3.32561949661696   
1.73748109345482    1.24286084435574    -3.38177621581441   
1.75155740909154    1.19487269543536    -3.43585169372031   
1.76544678425515    1.14678510731422    -3.48780043033768   
1.77916553651286    1.09859004478468    -3.53757818721079   
1.7927297318561     1.05027736921407    -3.58514170119416   
1.8061553341015     1.00183452121118    -3.6304484103203    
1.81945838091949    0.953246078648994   -3.67345616295707   
1.83281411661186    0.903902702006208   -3.71460010335382   
1.8463555889127     0.853326482646355   -3.75408687068102   
1.85985648472962    0.802385134969151   -3.79107329485084   
1.8731545627749     0.751737072696894   -3.82503903006538   
1.88616911178622    0.701747724568964   -3.85578360002434   
1.89887057703082    0.652591015186364   -3.88329196451525   
1.91125924839903    0.604323688327934   -3.9076454517793    
1.92335148329324    0.556935234046695   -3.92896778133602   
1.93517131176662    0.510379502430624   -3.94739467978222   
1.94674557856855    0.464593798230139   -3.96305807239197   
1.95810128751462    0.419509899194567   -3.97607874138819   
1.96926426282189    0.375060073578715   -3.98656363744336   
1.98025856981016    0.33118010382297    -3.99460559079447   
1.99110635612335    0.287810576505838   -4.00028414703558   
2.00182791337995    0.244897207277415   -4.00366683653307   
2.01244184433572    0.20239065811363    -4.00481052198874   
2.02296527168998    0.160246111995551   -4.00376265521864   
2.03341405464494    0.11842275383933    -4.00056237417919   
2.04380299657316    0.0768832374779103  -3.99524142226793   
2.05414603683036    0.0355931783390726  -3.98782489594924   
2.06445642501305    -0.00547931132865909-3.97833183637095   
2.0747468786887     -0.0463640403428063 -3.96677568286864   
2.08502972693811    -0.0870891117827932 -3.95316460492977   
2.09531704260124    -0.127681256838231  -3.93750172632347   
2.10562076629076    -0.168166135949291  -3.91978525169832   
2.11595282525059    -0.208568614228724  -3.90000850245708   
2.12632525011807    -0.24891301808491   -3.87815986527874   
2.13675029267174    -0.289223379779905  -3.85422265325626   
2.14724054776224    -0.329523676535346  -3.82817487613904   
2.15780908286843    -0.369838070855179  -3.79998891243639   
2.16846957913449    -0.410191159051759  -3.76963107191574   
2.17923648837248    -0.450608235621707  -3.73706103201039   
2.19012521142543    -0.491115582218291  -3.70223112542867   
2.20115230457182    -0.531740791643383  -3.66508544827031   
2.21233572245197    -0.572513139732493  -3.62555874741767   
2.22369510851543    -0.613464021527034  -3.58357503173684   
2.23525214753695    -0.654627473168847  -3.53904583199749   
2.24703099980118    -0.696040808206445  -3.49186800682476   
2.25888453072566    -0.737145218990751  -3.44265735257963   
2.27067416834345    -0.777439513322632  -3.39208266436384   
2.28232349764237    -0.816659478889562  -3.34060798792154   
2.29379616869019    -0.854690376899174  -3.28854536223933   
2.30508021562535    -0.891506002361085  -3.23610002869138   
2.31617769901336    -0.927129210708857  -3.183405021713     
2.32709819371253    -0.961607628166521  -3.13054591251828   
2.33785485267946    -0.994999335915502  -3.07757774804919   
2.34846211653418    -1.0273648009702    -3.02453629520443   
2.35900535944444    -1.05897333041322   -2.97108342129939   
2.36955028354817    -1.09001951804437   -2.91695489411031   
2.38013808883053    -1.12061431074434   -2.86199610137857   
2.39079510342986    -1.15081837329359   -2.8061209191268    
2.40153852877931    -1.18066176106333   -2.74928650644305   
2.4123799313389     -1.21015573004613   -2.69147757340154   
2.42332738893695    -1.2392999030329    -2.63269644549698   
2.43438681821474    -1.26808664241404   -2.57295674083355   
2.44556279737097    -1.29650372355055   -2.51227932467461   
2.45685907535565    -1.32453596744227   -2.45068970895927   
2.46827888525155    -1.35216623400472   -2.38821637173259   
2.47982513491808    -1.37937602218952   -2.32488966301536   
2.49150052045332    -1.40614582866921   -2.26074108456314   
2.50330759093778    -1.43245535880286   -2.19580280785299   
2.51524878225796    -1.4582836478657    -2.13010734372372   
2.52732643113427    -1.4836091284761    -2.06368730849307   
2.53954277629791    -1.50840966654497   -1.996575251475     
2.55189995114342    -1.53266257968317   -1.92880352168978   
2.5643999705468     -1.55634464684266   -1.86040415980297   
2.57704471351915    -1.57943211480448   -1.79140880661449   
2.58983590273487    -1.60190070519908   -1.72184862281433   
2.60277508158847    -1.62372562457865   -1.65175421691295   
2.61586358920556    -1.64488157936228   -1.58115557967876   
2.62910253370519    -1.66534279706161   -1.51008202435264   
2.64249276394758    -1.68508305495158   -1.43856213253657   
2.65603483998156    -1.70407571720691   -1.36662370608258   
2.66972900241533    -1.72229378143323   -1.29429372560911   
2.6835751409647     -1.7397099354527    -1.22159831648646   
2.69757276247798    -1.75629662513662   -1.14856272328676   
2.7117209587926     -1.77202613399754   -1.07521129380002   
2.72601837484279    -1.78687067514935   -1.00156747378192   
2.74046317750551    -1.80080249610792   -0.927653813622021  
2.7550530257429     -1.81379399673002   -0.853491988101116  
2.76978504266852    -1.82581786036952   -0.77910283033852   
2.78465579022882    -1.83684719806489   -0.704506380909679  
2.79966124724694    -1.84685570525913   -0.629721952936604  
2.81479679161761    -1.8558178301951    -0.554768213713886  
2.83005718746591    -1.86370895272991   -0.479663283129594  
2.84543657808302    -1.87050557188087   -0.404424848773517  
2.86092848542522    -1.87618549996399   -0.329070297199069  
2.87652581690322    -1.88072806073113   -0.253616860327959  
2.89222088009526    -1.88411428847274   -0.178081775471349  
2.90800540588683    -1.8863271246538    -0.102482456905537  
2.92387058037289    -1.88735160831539   -0.0268366764065686 
2.93980708565783    -1.88717505623007   0.0488372503569387  
2.95580514945869    -1.88578722866983   0.124520275121142   
2.97185460316581    -1.88318047665407   0.200192429923127   
2.98794494775232    -1.87934986670658   0.275832645748757   
3.00406542666148    -1.87429327947491   0.351418581188503   
3.02020510455169    -1.86801147905252   0.42692646530151    
3.03635295055734    -1.86050815048306   0.502330958662621   
3.05249792454182    -1.85178990369625   0.577605036172172   
3.06862906468932    -1.84186624299555   0.652719894655383   
3.08473557471208    -1.8307495021502    0.727644887589232   
3.10080690894653    -1.81845474609366   0.802347488501989   
3.1168328536743     -1.80499964115046   0.876793283733667   
3.13280360313181    -1.79040429655797   0.9509459943688     
3.1487098288563     -1.77469108077781   1.02476752630155    
3.16454274124736    -1.75788441667012   1.09821804660993    
3.18029414248803    -1.74001056000975   1.17125608373782    
3.19595647025426    -1.72109736604421   1.24383864843921    
3.21152283193077    -1.70117404882964   1.31592137204645    
3.22698702933201    -1.68027093794275   1.387458658391      
3.24234357418578    -1.65841923687439   1.4584038456282     
3.25758769486585    -1.63565078699074   1.52870937428372    
3.27271533505007    -1.61199784043106   1.59832695803026    
3.28772314512939    -1.58749284473099   1.66720775399243    
3.30260846729926    -1.56216824134714   1.73530252974014    
3.31736931532993    -1.53605627964272   1.80256182453724    
3.33200435003901    -1.50918884729844   1.86893610283769    
3.34651285148439    -1.48159731755804   1.9343758984431     
3.36089468886371    -1.45331241321577   1.99883194813437    
3.37515028905438    -1.42436408681357   2.06225531395152    
3.38928060466259    -1.39478141613918   2.12459749360998    
3.40328708237738    -1.36459251380277   2.18581051880218    
3.41717163235157    -1.33382444941234   2.24584704133711    
3.43093659926153    -1.30250318265769   2.30466040721757    
3.44458473563655    -1.27065350543926   2.36220471884667    
3.45811917800013    -1.23829899102613   2.4184348855931     
3.47154342633496    -1.20546194808217   2.4733066629327     
3.48486132737303    -1.17216337724335   2.52677668032202    
3.49807706222941    -1.1384229277398    2.57880245784923    
3.51119513894568    -1.10425885131103   2.62934241154658    
3.52422039059676    -1.0696879503281    2.67835584703094    
3.5371579797516     -1.03472551657527   2.725802940856      
3.55001341027923    -0.999385256499987  2.77164470859445    
3.5627945125057     -0.963673664109812  2.81584964574959    
3.5756229419713     -0.927270763013776  2.85875892530894    
3.58858398423831    -0.889942326550364  2.90054079703474    
3.60174348414626    -0.851499044107791  2.94125727251943    
3.61490661090607    -0.812520744837738  2.98017510360869    
3.6279474071689     -0.773411567496694  3.01685720625423    
3.64079649307915    -0.734421632769263  3.05109096536112    
3.65342112043114    -0.695696505648825  3.08280204147166    
3.66581118603511    -0.65731356753034   3.11199616012088    
3.67796995083368    -0.619307230123529  3.13872203800003    
3.68990811780354    -0.581685736989127  3.16304881625367    
3.70164017190867    -0.544442036356095  3.18505288582088    
3.71318218722318    -0.507560647741619  3.20481055096044    
3.72455056017139    -0.471021898220834  3.22239420557761    
3.73576131448485    -0.434804468491634  3.23787055906794    
3.74682975166119    -0.39888687220924   3.2513000168096     
3.75777030528635    -0.363248273462131  3.26273668096113    
3.76859651197146    -0.327868901105249  3.27222865984265    
3.77932104601201    -0.292730223023115  3.27981850881767    
3.78995578628263    -0.2578149817719    3.28554370553496    
3.8005118970585     -0.223107153828918  3.28943710896413    
3.81099991247101    -0.188591869981672  3.29152737819319    
3.82142981911827    -0.154255318998658  3.29183934162822    
3.8318111341925     -0.12008464724045   3.2903943149932     
3.8421529781287     -0.0860678611018258 3.28721037032958    
3.85246414169838    -0.0521937357258005 3.28230255978453    
3.86275314796348    -0.0184517314128622 3.27568309837059    
3.87302830974913    0.0151680819934871  3.26736150965701    
3.88329778339712    0.0486750930783773  3.25734473783894    
3.89356961959217    0.0820782098202803  3.24563722899769    
3.90385181204813    0.115385914307175   3.23224098370219    
3.9141523448245     0.148606311985541   3.21715558244536    
3.92447923902915    0.181747176195211   3.20037818477152    
3.93484059965837    0.214815988691882   3.1819035023264     
3.94524466333658    0.247819976801403   3.16172374543686    
3.95569984774794    0.280766147795173   3.13982854218302    
3.96621480360581    0.3136613210292     3.11620482823806    
3.97679847008639    0.346512158353696   3.09083670499069    
3.98746013476602    0.379325193277159   3.06370526259853    
3.99820949925395    0.412106859360526   3.03478836360386    
4.00905675191333    0.444863518324897   3.00406038152206    
4.02001264932562    0.477601488383168   2.97149188731842    
4.03108860849477    0.510327073355464   2.93704927482711    
4.04229681223041    0.5430465932062     2.9006943138143     
4.0536503307283     0.575766416755124   2.86238361637632    
4.06516326312496    0.608492997477925   2.82206799846027    
4.07685090380797    0.641232913541638   2.77969171317269    
4.08872993960392    0.673992913542319   2.73519152573731    
4.10081868577589    0.706779969866296   2.68849559080681    
4.11296373352424    0.739142841779068   2.64022197802706    
4.12505397493482    0.770769344523319   2.59088427748814    
4.13702749184286    0.801495209283757   2.54083270766843    
4.14885386939603    0.831248441785125   2.49030102955434    
4.1605219767514     0.860011711134713   2.43944310220168    
4.17203196521091    0.88779827628784    2.38835941588129    
4.18339022138756    0.914637181625603   2.3371155082609     
4.19460627955984    0.940564462732892   2.28575436606682    
4.20569098749993    0.965618110361675   2.23430459743247    
4.21665545392528    0.989835320666555   2.18278572897867    
4.22751047309546    1.0132511027565     2.13121159312095    
4.23830169043124    1.03597141089929    2.07942147874173    
4.24908446231477    1.05811303644829    2.02719570960182    
4.25989312163766    1.07974018326822    1.97440630208266    
4.27074914827322    1.10088548634494    1.92098227472471    
4.28166607492868    1.12156243806875    1.86688841962377    
4.29265247956844    1.14177284989753    1.81211210698436    
4.30371382823008    1.16151137686907    1.75665500164204    
4.31485361580419    1.18076827812514    1.70052783087588    
4.3260740736129     1.19953110842655    1.64374706643771    
4.33737660794061    1.21778575868854    1.58633281463468    
4.34876207082112    1.23551709938271    1.5283074715122     
4.36023092602153    1.25270938182909    1.46969486366082    
4.37178334949549    1.26934649235236    1.41051969776364    
4.38341928887823    1.28541211757741    1.35080720678338    
4.39513849743021    1.30088985663768    1.29058292173183    
4.40694055210711    1.31576330224703    1.22987252401024    
4.41882486185022    1.3300161040861     1.1687017498428     
4.43079066994773    1.34363202272162    1.10709632881751    
4.44283705291419    1.35659497905223    1.04508194519881    
4.45496291745789    1.36888910228038    0.982684214884071   
4.4671669965575     1.38049877817077    0.919928673530665   
4.47944784532752    1.39140869857841    0.856840773046663   
4.49180383713788    1.40160391273298    0.793445884677299   
4.50423316031941    1.41106988044208    0.729769307557766   
4.51673381570199    1.41979252715475    0.665836281986982   
4.52930361517715    1.42775830066998    0.601672006898121   
4.54194018143955    1.43495422915678    0.537301661118907   
4.55464094903452    1.44136798005889    0.472750428065263   
4.56740316681649    1.44698791938122    0.408043523520242   
4.580223901903      1.45180317079105    0.343206226131945   
4.59310004518938    1.45580367391481    0.278263910230208   
4.60602831846821    1.45898024116877    0.213242080519461   
4.61900528317608    1.46132461243193    0.148166408159931   
4.63202735076659    1.46282950685022    0.0830627677053341  
4.64509079468378    1.46348867105647    0.0179572743257475  
4.65819176388449    1.46329692309925    -0.0471236792877033 
4.67132629783184    1.46225019139807    -0.112153386962186  
4.6844903428559     1.46034554808203    -0.177104794663333  
4.69767976975211    1.45758123612393    -0.241950468331113  
4.71089039246435    1.45395668975206    -0.306662564550509  
4.7241179876779     1.44947254770542    -0.371212804646063  
4.73735831512912    1.44413065899422    -0.435572452745139  
4.75060713842375    1.43793408093332    -0.499712298297046  
4.76386024614517    1.43088706932959    -0.563602643465047  
4.77711347302838    1.42299506082171    -0.627213295727605  
4.79036272097396    1.41426464748988    -0.690513565935863  
4.80360397968113    1.40470354396944    -0.753472271978995  
4.8168333466878     1.39432054741342    -0.816057748110219  
4.83004704661974    1.38312549075156    -0.878237859886824  
4.84324144946937    1.37112918978398    -0.939980024580257  
4.85641308774722    1.3583433847248     -1.00125123681984   
4.86955867237437    1.34478067687138    -1.06201809914831   
4.88267510721263    1.33045446111888    -1.12224685709125   
4.89575950215887    1.31537885506494    -1.18190343827714   
4.90880918476108    1.29956862545624    -1.24095349509093   
4.92182171034448    1.28303911271792    -1.29936245030324   
4.93479487066719    1.26580615427879    -1.3570955450882    
4.94772670115453    1.24788600736111    -1.41411788882612   
4.9606154867894     1.22929527184548    -1.47039451008186   
4.97345976676324    1.21005081375053    -1.52589040815321   
4.9862583380166     1.1901696897847     -1.58057060459628   
4.99901025782186    1.16966907333673    -1.63440019415331   
5.01171484558227    1.14856618217173    -1.68734439453103   
5.02437168404193    1.12687820799405    -1.73936859450286   
5.03698062012181    1.10462224792556    -1.79043839983302   
5.04954176561719    1.08181523782927    -1.84051967654319   
5.06205549801432    1.05847388728204    -1.88957859105981   
5.07452246170905    1.03461461586486    -1.93758164679075   
5.08694356994001    1.01025349029169    -1.98449571668002   
5.09932000778619    0.985406161733362   -2.030288071277     
5.11169864888503    0.959993548919562   -2.07508890152198   
5.12414477177039    0.933889675173418   -2.11907636967848   
5.13670485738198    0.906998616513284   -2.16233985330861   
5.1494149111634     0.87924071871997    -2.20491350850994   
5.16227257835003    0.850617893499008   -2.24669008963599   
5.17513937907414    0.821445560083613   -2.28713780900657   
5.18792921331373    0.791940808012454   -2.32593871429949   
5.20059143456706    0.762250595007856   -2.36291603876373   
5.2130986535737     0.732473232494927   -2.39798299914528   
5.22543837049393    0.70267388421574    -2.43110844746503   
5.23760740650249    0.672895385032467   -2.46229455355449   
5.24960827405293    0.643165638467681   -2.49156263114441   
5.26144684712566    0.613502608147671   -2.51894429969146   
5.27313088554179    0.583917657313873   -2.54447606770767   
5.28466911270384    0.554417771648152   -2.56819607644909   
5.29607064838028    0.525007034882645   -2.59014219099483   
5.30734466743147    0.495687607735968   -2.61035092233025   
5.31850020124912    0.466460378084016   -2.62885685592594   
5.32954602861988    0.437325394010119   -2.64569238460629   
5.34049062207736    0.408282153580143   -2.66088762065107   
5.35134212823675    0.379329800024062   -2.67447041036617   
5.36210836855271    0.350467254357955   -2.68646640440229   
5.37279685200215    0.321693306514783   -2.69689915568625   
5.3834147944081     0.293006678850246   -2.70579022826496   
5.39396914115563    0.26440607116815    -2.71315930735495   
5.40446659133521    0.235890193316467   -2.71902430513412   
5.41491362215647    0.207457789378699   -2.72340145936297   
5.42531651298064    0.179107656156282   -2.72630542343264   
5.43568136863432    0.150838657764811   -2.72774934731278   
5.44601414186091    0.122649737592057   -2.7277449493616    
5.45632065488448    0.0945399284859724  -2.726302579217     
5.46660662013177    0.066508361789173   -2.72343127210492   
5.47687766020019    0.0385542756689003  -2.7191387949358    
5.48713932718356    0.0106770230798545  -2.71343168454605   
5.49739712148167    -0.0171239203770824 -2.70631527840048   
5.50765651022695    -0.0448489484864025 -2.69779373801372   
5.51792294546703    -0.0724983161578767 -2.6878700652824    
5.52820188224524    -0.100072130712643  -2.67654611184727   
5.53849879672558    -0.127570342564268  -2.66382258152811   
5.5488192045133     -0.154992735147888  -2.64969902579334   
5.55916867932904    -0.182338913949537  -2.63417383214148   
5.56955287220352    -0.20960829448232   -2.61724420518      
5.57997753137099    -0.236800089046565  -2.59890614008865   
5.59044852305501    -0.263913292097715  -2.57915438804504   
5.60097185335841    -0.290946664028377  -2.55798241306854   
5.61155369149319    -0.317898713149454  -2.53538233960012   
5.62220039461462    -0.344767675629203  -2.51134488997585   
5.63291853455999    -0.371551493117857  -2.4858593107659    
5.64371492683609    -0.398247787748337  -2.45891328673074   
5.65459666225406    -0.424853834159675  -2.4304928408838    
5.6655711416768     -0.451366528137876  -2.40058221883313   
5.67664611442716    -0.477782351407614  -2.36916375518889   
5.68782972100821    -0.504097332035669  -2.33621771934936   
5.69913054091548    -0.530306999821162  -2.30172213738964   
5.71055764648386    -0.556406335945736  -2.26565258604001   
5.72212066391747    -0.582389716035716  -2.22798195380896   
5.73382984291447    -0.608250845643705  -2.18868016311504   
5.74569613663908    -0.633982686984209  -2.14771384575627   
5.75773129423644    -0.659577375550391  -2.10504596204214   
5.76994796867092    -0.685026124989143  -2.0606353512715    
5.78235156976842    -0.710302446911914  -2.01446735169118   
5.79479749227008    -0.735082833034176  -1.96710637468914   
5.80719866007744    -0.759181588493091  -1.91893966054538   
5.8195061809177     -0.782501983087947  -1.87022733888473   
5.83169546292807    -0.805002086533303  -1.82114184833517   
5.84375684441104    -0.826672295250225  -1.7717967020236    
5.85568951283907    -0.847521140762835  -1.72226653726293   
5.86749766760673    -0.867566601877222  -1.67260068001037   
5.8791881538622     -0.886830933013739  -1.62283213609      
5.89076903598593    -0.905337678647563  -1.57298346376392   
5.90224875995034    -0.923110018385499  -1.52307056653912   
5.9136356789386     -0.940169906419794  -1.47310512066246   
5.9249377996224     -0.956537675346613  -1.42309611677721   
5.93616266015294    -0.972231904281675  -1.37305083217327   
5.94731728500875    -0.987269431685951  -1.32297543994355   
5.95840818324434    -1.00166544252109   -1.27287538831223   
5.96944596091141    -1.01543920327122   -1.22273472344171   
5.98047199807913    -1.02864428405458   -1.17239378653329   
5.99151165242779    -1.04130825250307   -1.12176161841817   
6.00258041914291    -1.05344323887074   -1.07078988220676   
6.01368766433159    -1.0650521878211    -1.01945688433095   
6.0248389156036     -1.0761326027109    -0.967757667033303  
6.03603727819649    -1.08667880639526   -0.915697820582415  
6.04728431456536    -1.09668331487051   -0.863289602030232  
6.05858059223516    -1.10613767705069   -0.81054949497745   
6.06992602560048    -1.11503299224057   -0.757496673714797  
6.08132008942802    -1.12336023278003   -0.70415203649763   
6.09276195240863    -1.1311104489077    -0.650537597570142  
6.10425056091517    -1.13827490245591   -0.596676105565524  
6.11578469181273    -1.14484515755408   -0.542590804870727  
6.12736298611346    -1.15081314533081   -0.48830528735266   
6.13898397085953    -1.156171212814     -0.43384340125148   
6.15064607385847    -1.16091216210517   -0.379229196278401  
6.16234763416658    -1.16502928340373   -0.324486891662907  
6.17408691013209    -1.16851638394221   -0.269640858748173  
6.18586208612898    -1.17136781397757   -0.214715612788028  
6.197671278684      -1.17357849043234   -0.159735810519239  
6.20951254242912    -1.1751439184496    -0.104726251289217  
6.22138387614038    -1.176060210931     -0.0497118802766686 
6.23328322901434    -1.17632410601502   0.00528220718162965 
6.24520850726315    -1.17593298239208   0.0602307608452837  
6.2571575810628     -1.17488487232425   0.115108370903515   
6.26912829185868    -1.17317847222848   0.169889463762794   
6.2811184600117     -1.17081315068756   0.224548298584018   
6.29312589275386    -1.16778895376588   0.279058964808832   
6.30514839241258    -1.16410660752729   0.333395380873825   
6.31718376485559    -1.15976751767526   0.387531294278656   
6.32922982810415    -1.1547737662626    0.441440283145825   
6.34128442105919    -1.14912810544565   0.495095759383558   
6.35334541228383    -1.14283394828696   0.548470973537656   
6.36541070878576    -1.13589535663946   0.601539021392752   
6.37747826474445    -1.12831702617336   0.654272852357761   
6.38954609013045    -1.12010426863414   0.706645279644645   
6.40161225916784    -1.11126299144486   0.758628992223946   
6.41367491859564    -1.10179967478865   0.810196568515286   
6.42573229568921    -1.09172134632662   0.86132049174643    
6.43778270600993    -1.0810355537224    0.911973166890879   
6.44982456085808    -1.0697503351565    0.962126939071646   
6.46185637441254    -1.05787418802174   1.01175411329803    
6.47387677054949    -1.04541603599385   1.06082697538314    
6.48588448934188    -1.03238519467048   1.10931781387253    
6.49787839325153    -1.01879133596541   1.15719894279903    
6.50985747303646    -1.00464445143348   1.20444272506505    
6.52182085340724    -0.989954814685629  1.2510215962416     
6.5337979905904     -0.974693775354623  1.29702324964935    
6.5458234358944     -0.958820763194114  1.342547313797      
6.55792151466527    -0.942303580825452  1.38764644816942    
6.57011057966458    -0.925114781192108  1.4323440231488     
6.5824056443527     -0.907229242362112  1.47664472360632    
6.59482004949468    -0.888622489209927  1.5205409097091     
6.60734438921296    -0.869304145513915  1.56394039658722    
6.61989684733931    -0.849402751421139  1.60650803177714    
6.63242368697822    -0.829015219098688  1.64802369297838    
6.64489010821655    -0.808215827304896  1.68834420445597    
6.65727398323439    -0.787062729064449  1.72737750034644    
6.66956165064682    -0.765602536896827  1.76506544418552    
6.68174512143505    -0.743873507267137  1.80137251402747    
6.69382022956556    -0.721907738566369  1.83627836950852    
6.70578540652304    -0.699732688705087  1.86977295523103    
6.71764086525132    -0.6773722294166    1.90185325155012    
6.72938805227898    -0.654847387408317  1.93252109451444    
6.7410292758623     -0.632176874481586  1.96178169200863    
6.75256745024836    -0.609377475296959  1.98964259648223    
6.76400591716837    -0.58646433861552   2.01611298035051    
6.77534831926593    -0.563451202451137  2.04120311490468    
6.78659850893583    -0.540350573297799  2.06492398844947    
6.79776048170469    -0.517173872797495  2.08728702160219    
6.80883832693692    -0.493931560740623  2.10830385186856    
6.8198361910149     -0.470633240360594  2.1279861687066     
6.83075824968454    -0.447287749970392  2.14634558616891    
6.84160868726867    -0.423903243740112  2.1633935440547     
6.85239168112274    -0.400487263598527  2.17914123104848    
6.86311139015827    -0.377046803706152  2.19359952503981    
6.87377194656826    -0.353588368592423  2.20677894700121    
6.8843774501029     -0.330118025811193  2.21868962563589    
6.89493196439672    -0.306641453805172  2.22934127060968    
6.90543951495891    -0.2831639855545    2.23874315262804    
6.91590408852062    -0.259690648500638  2.24690408895772    
6.92632963349567    -0.2362262011731    2.25383243325416    
6.93672006135936    -0.212775166896802  2.25953606876193    
6.94707924878784    -0.189341864917342  2.26402240411962    
6.95741104043157    -0.165930439247932  2.26729837113321    
6.96771925222043    -0.142544885513052  2.26937042398965    
6.97800767511913    -0.119189076039215  2.2702445394696     
6.9882800792677     -0.0958667834217581 2.26992621779076    
6.99854021845649    -0.0725817027777593 2.26842048377117    
7.00879183489675    -0.0493374728788441 2.26573188805015    
7.01903866425819    -0.0261376963433246 2.26186450814295    
7.02928444095354    -0.002985959054800322.25682194913659    
7.03953290365805    0.0201141510362294  2.25060734385888    
7.04978780105837    0.0431590255801156  2.24322335237163    
7.06005289783168    0.0661450178249396  2.23467216065363    
7.07033198086138    0.0890684248082473  2.22495547834845    
7.0806288657012     0.111925469613957   2.21407453545855    
7.09094740330465    0.134712283568069   2.20203007786948    
7.10129148704202    0.157424888248874   2.18882236158678    
7.11166506003246    0.180059177188235   2.17445114556395    
7.1220721228243     0.202610897140251   2.15891568299174    
7.13251674146306    0.225075628792172   2.14221471090691    
7.14300305599328    0.24744876678993    2.12434643796323    
7.15353528944812    0.269725498946958   2.10530853018592    
7.16411775738969    0.291900784500206   2.08509809450496    
7.17475487807354    0.313969331271307   2.06371165982919    
7.18545118332303    0.335925571583757   2.04114515538215    
7.19621133021455    0.357763636778607   2.0173938859691     
7.20704011369228    0.379477330161635   1.99245250378089    
7.21794248025347    0.401060098203991   1.96631497626074    
7.22892354287246    0.422504999806032   1.93897454945997    
7.23998859736505    0.443804673420248   1.91042370618348    
7.25114314043755    0.464951301813729   1.88065411806644    
7.26239288971748    0.485936574233472   1.84965659052175    
7.27374380613084    0.50675164571862    1.81742099923893    
7.28520211907668    0.527387093282392   1.78393621658088    
7.29677435496144    0.547832868662463   1.74919002579214    
7.30846736979976    0.568078247311527   1.71316902036509    
7.32028838677812    0.588111773268937   1.67585848516357    
7.33224503992832    0.607921199518671   1.63724225490988    
7.34434542539233    0.627493423397008   1.59730254430925    
7.35659816221148    0.646814416562917   1.55601974228094    
7.36901246518821    0.665869148982278   1.51337216029623    
7.38159823321769    0.684641506298746   1.46933572140538    
7.3943454589617     0.703084718475277   1.4239578850838     
7.40713760563138    0.721006557899755   1.37767941351089    
7.41990439354271    0.738298037709716   1.3307971025112     
7.43260586446825    0.754902836241307   1.28350809621712    
7.44522130878998    0.770796697360658   1.23594246658999    
7.45774191177845    0.785974174117308   1.18818597440216    
7.47016601063126    0.800440361820577   1.14029547767991    
7.48249609892638    0.814205868068203   1.09230915057412    
7.49473696708539    0.827283821770194   1.04425316632858    
7.50689456729834    0.839688140123573   0.996146024726773   
7.5189753340609     0.851432558851852   0.948001333943549   
7.53098578799124    0.862530118367556   0.899829589040885   
7.54293231387266    0.872992917580778   0.851639304299573   
7.5548210445692     0.882832021351327   0.803437732058383   
7.56665780831496    0.892057453320625   0.755231318389886   
7.57844811315854    0.90067823374799    0.707025992134569   
7.59019715252734    0.908702438834796   0.658827348951881   
7.60190982221047    0.916137268124559   0.610640769603107   
7.61359074297587    0.922989112564935   0.562471497306467   
7.62524428544464    0.92926361933502    0.514324689838504   
7.63687459531424    0.934965751570604   0.466205456233734   
7.64848561790914    0.940099842263181   0.418118884250724   
7.66008112156642    0.944669642229121   0.370070062451159   
7.67166471967346    0.948678362361578   0.322064099281733   
7.68323989135084    0.952128710519575   0.274106140639453   
7.69481000087008    0.955022923453128   0.226201386837173   
7.70637831594481    0.957362794155275   0.178355109539716   
7.71794802505525    0.959149694997336   0.130572669031009   
7.72952225397303    0.960384596957215   0.082859532047983   
7.74110408165164    0.9610680852        0.0352212903458111  
7.75269655564347    0.961200371219528   -0.0123363198787146 
7.76430270719893    0.960781301700742   -0.0598073975955919 
7.77592556619846    0.959810364216081   -0.107185855474917  
7.78756817606506    0.958286689824689   -0.154465397232472  
7.79923360880417    0.956209052600197   -0.2016394936629    
7.8109249803192     0.953575866070552   -0.248701357218805  
7.82264546615539    0.95038517651077    -0.295643914972826  
7.83439831783225    0.946634652985588   -0.34245977977427   
7.8461868799355     0.94232157399261    -0.389141219381819  
7.85801460815447    0.937442810506296   -0.435680123318707  
7.8698850884698     0.931994805167645   -0.482067967155475  
7.88180205772057    0.925973547301833   -0.528295773876915  
7.89376942581032    0.919374543374389   -0.574354071932548  
7.90579129984862    0.912192782413184   -0.620232849501879  
7.91787201057092    0.904422695825529   -0.665921504424541  
7.93001614143585    0.896058110923258   -0.711408789147956  
7.9422285608686     0.887092197328979   -0.756682749927655  
7.95451445820466    0.877517405267718   -0.801730659372771  
7.96687938399337    0.8673253945422     -0.846538941255285  
7.97932929545246    0.856506952736975   -0.891093086287976  
7.99183134074472    0.845088639664207   -0.935239840281776  
8.00422413591783    0.833229149650707   -0.978386785594427  
8.01641305138568    0.821046952112589   -1.02020155134452   
8.02840774616391    0.808565056709982   -1.06072236639738   
8.04027671880932    0.795739318610823   -1.10018108538874   
8.05205977316096    0.78254695642325    -1.13870285295451   
8.06377941166487    0.768979211322691   -1.17634960245692   
8.07544768376103    0.755036568881      -1.21314595701781   
8.08707037453042    0.740725590718084   -1.2490949013919    
8.09864959111775    0.7260567869587     -1.28418733697216   
8.11018536514064    0.711043175159335   -1.31840791046165   
8.12167664329256    0.695699298215423   -1.35173854648228   
8.13312189479991    0.680040552129923   -1.38416055667244   
8.14451947809423    0.664082724562868   -1.41565586436012   
8.15586785609687    0.647841677746902   -1.44620768052162   
8.16716571655492    0.631333130976938   -1.47580084106847   
8.1784120331723     0.61457251231394    -1.50442193720055   
8.18960609020802    0.597574858820534   -1.53205932151085   
8.20074748492547    0.580354751154564   -1.55870304169542   
8.21183611700767    0.562926272733744   -1.58434473429995   
8.22287217069842    0.545302986649702   -1.60897749868096   
8.23385609328917    0.527497925521521   -1.63259576362107   
8.24478857220626    0.509523590851705   -1.65519515414689   
8.25567051208088    0.491391959391825   -1.67677236300651   
8.26650301262705    0.473114494681688   -1.69732502931134   
8.27728734779819    0.454702162388718   -1.71685162561672   
8.28802494646666    0.436165448405779   -1.7353513539455    
8.29871737472819    0.417514378907649   -1.75282405078096   
8.30936631984394    0.398758541746404   -1.76927010076551   
8.31997357577819    0.379907108702608   -1.78469035867181   
8.33054103025776    0.360968858214836   -1.7990860791207    
8.34107065326136    0.341952198293068   -1.81245885347731   
8.35156448683853    0.322865189387614   -1.82481055334638   
8.36202463615598    0.303715567038459   -1.83614328009658   
8.37245326167013    0.284510764173137   -1.84645931986616   
8.3828525723288     0.265257932956425   -1.85576110353073   
8.39322481971012    0.245963966123927   -1.86405117114822   
8.40357229301312    0.226635517755149   -1.87133214043032   
8.41389731482034    0.207279023460814   -1.87760667882575   
8.42420223755999    0.187900719974798   -1.882877478835     
8.43448944060092    0.168506664153663   -1.8871472362097    
8.44476132792044    0.149102751396937   -1.8904186307211    
8.45502032629045    0.129694733509346   -1.89269430921189   
8.46526888393328    0.110288236032646   -1.89397687067265   
8.47550946960348    0.0908887750796359  -1.89426885310984   
8.48574457205706    0.0715017737068036  -1.89357272199483   
8.4959766998739     0.0521325778649312  -1.89189086010476   
8.50620838160348    0.0327864719691022  -1.88922555858475   
8.5164421662078     0.0134686941310647  -1.88557900907816   
8.52668062377944    -0.00581554890209561-1.8809532967864    
8.53692634651558    -0.0250610670584026 -1.87535039433361   
8.54718194993272    -0.0442626724556881 -1.8687721563228    
8.55745007430941    -0.0634151650756113 -1.86122031448027   
8.56773338634777    -0.0825133185521988 -1.85269647329372   
8.57803458104729    -0.101551866030383  -1.84320210605592   
8.58835638378755    -0.120525486050408  -1.83273855123168   
8.59870155261942    -0.139428788414447  -1.82130700906897   
8.60907288076775    -0.158256299992354  -1.80890853837732   
8.61947319935151    -0.177002450424084  -1.79554405339656   
8.62990538033166    -0.195661557677016  -1.78121432067707   
8.64037233970063    -0.214227813417179  -1.76591995588825   
8.65087704093226    -0.232695268154234  -1.74966142046505   
8.66142249871638    -0.251057816120961  -1.73243901799207   
8.67201178300862    -0.269309179849062  -1.71425289021098   
8.68264802343335    -0.287442894404227  -1.69510301251822   
8.69333441408674    -0.30545229124465   -1.67498918879582   
8.70407421879785    -0.323330481668661  -1.65391104538734   
8.71487077691859    -0.34107033981865   -1.6318680239908    
8.72572750972977    -0.358664485210214  -1.60885937319046   
8.73664792757052    -0.376105264757303  -1.58488413828485   
8.74763563782273    -0.393384734266129  -1.55994114898747   
8.7586943539137     -0.410494639372601  -1.53402900447308   
8.76982790553871    -0.427426395900024  -1.50714605511143   
8.78104025035448    -0.444171069615574  -1.47929038006197   
8.79233548745711    -0.460719355365354  -1.45045975968858   
8.80371787303795    -0.477061555568354  -1.42065164147609   
8.8151918387139     -0.493187558048874  -1.38986309777218   
8.82676201316202    -0.509086813184134  -1.35809077321145   
8.83843324786316    -0.524748310337962  -1.32533081906679   
8.85021064798915    -0.540160553541141  -1.29157881096449   
8.86209960977407    -0.555311536362173  -1.25682964532267   
8.87410586612118    -0.570188715886101  -1.22107740842337   
8.88623554275508    -0.584778985679624  -1.18431521005893   
8.89849522799574    -0.599068647562384  -1.14653497098345   
8.910892060299      -0.613043381919033  -1.10772714962446   
8.92343383921764    -0.626688216162942  -1.06788038817166   
8.93612916760428    -0.639987490783628  -1.02698105048964   
8.94898763604663    -0.652924822151515  -0.985012613083524  
8.96206935837345    -0.665529501683223  -0.941791003985287  
8.97530673842472    -0.677705220640785  -0.897554542304797  
8.98860302804565    -0.689342407314884  -0.8526526210262    
9.001899807039      -0.700379964596142  -0.807317342826013  
9.01516356749396    -0.710786808234338  -0.761701742536356  
9.02837660241521    -0.720549817128228  -0.715906669415341  
9.04153102787549    -0.729666246299577  -0.669999009379678  
9.05462494806043    -0.738139069250393  -0.624023757582878  
9.06766003424896    -0.745974176708246  -0.578011899510096  
9.08064001646289    -0.753178724847258  -0.531985505772802  
9.09356975581688    -0.759760183316271  -0.48596100421286   
9.10645468261411    -0.765725803299609  -0.439951272485329  
9.11930046297147    -0.771082334147302  -0.393966973145226  
9.13211280722046    -0.77583588467468   -0.348017405055831  
9.14489736561969    -0.779991866772334  -0.30211104740712   
9.15765967738766    -0.783554984245153  -0.256255909216249  
9.17040515196242    -0.78652924505299   -0.210459756283161  
9.18313906948441    -0.788917984260518  -0.164730261353371  
9.19586659255379    -0.790723890430466  -0.119075106505311  
9.20859278446308    -0.791949031386905  -0.0735020561392253 
9.22132263106201    -0.792594877128954  -0.0280190122023691 
9.23406106462408    -0.792662318730942  0.0173659409719505  
9.24681298883396    -0.792151682647421  0.0626444975106574  
9.25958330447925    -0.791062740144656  0.107808093505102   
9.27237693571863    -0.789394711719262  0.152847871182565   
9.28519885698106    -0.787146266407128  0.197754642387132   
9.29805412067019    -0.784315515870759  0.24251885038709    
9.31094788593263    -0.780900003102451  0.287130529235548   
9.32388544881448    -0.77689668550601   0.331579260012173   
9.33687227419062    -0.772301912026109  0.37585412330169    
9.34991402991242    -0.767111393883119  0.419943647239787   
9.36301662368848    -0.761320168340773  0.463835750390511   
9.37618624329518    -0.754922554780536  0.507517678615944   
9.38942940081357    -0.747912102174476  0.550975934959281   
9.40275298171366    -0.740281526829777  0.59419620138269    
9.41616429976219    -0.732022639012624  0.637163250974798   
9.42967115892483    -0.72312625673314   0.679860848958582   
9.44328192368078    -0.713582104568509  0.722271640473986   
9.45679552148126    -0.7035392748786    0.763737475074827   
9.47008216063545    -0.693123113937869  0.803852856033563   
9.48307424981984    -0.682426721800743  0.842423257815873   
9.4957435001867     -0.671517677578287  0.879384187812328   
9.50808511945747    -0.660444478436912  0.91474639580476    
9.52010753613471    -0.649241868783098  0.948560988244824   
9.53182600606958    -0.637934910636217  0.980898232013921   
9.54325878251928    -0.626541942442894  1.01183521735701    
9.55445780417788    -0.615042394425909  1.04153537403025    
9.56550784790976    -0.603373147720647  1.07023685828373    
9.5764601023731     -0.591497529721449  1.09807596759312    
9.58734547949403    -0.579395644311791  1.12512862785881    
9.59818251233513    -0.567058352358942  1.15143469752257    
9.60898214484254    -0.554483444348196  1.17701250657115    
9.61975067721776    -0.541673172783608  1.20186766383371    
9.63049159187983    -0.528632646956392  1.22599842631243    
9.64120668987783    -0.515368782649408  1.24939897754311    
9.65189679854013    -0.50188961228598   1.27206142351848    
9.66256221101156    -0.488203830600333  1.2939769984817     
9.67320295762836    -0.474320494832948  1.3151367830484     
9.68381897170373    -0.460248826639979  1.33553212147028    
9.69441018904503    -0.445998081171646  1.35515485376218    
9.70497660596575    -0.431577460678476  1.37399743446873    
9.7155183114031     -0.416996057784792  1.39205298259652    
9.72603550298513    -0.40226281866065   1.40931529031236    
9.73652849325201    -0.387386519656744  1.42577880748983    
9.7469977099379     -0.372375753148995  1.44143861264833    
9.75744369276813    -0.357238919768091  1.45629037676705    
9.76786708830948    -0.341984225125019  1.47033032393408    
9.77826864383169    -0.326619679757235  1.48355519122541    
9.78864920077324    -0.311153101423601  1.49596218923827    
9.79900968817291    -0.29559211914257   1.50754896410252    
9.8093511162839     -0.279944178545107  1.51831356142204    
9.81967457049509    -0.264216548232549  1.52825439236971    
9.82998120562718    -0.248416326910291  1.53737020201868    
9.84027224063512    -0.232550451123924  1.54566003990783    
9.85054895372634    -0.216625703463807  1.55312323278799    
9.86081267789055    -0.200648721132507  1.55975935946618    
9.87106479682896    -0.184626004790692  1.56556822764839    
9.88130674126605    -0.168563927613251  1.57054985267419    
9.89153998562466    -0.152468744500114  1.57470443803308    
9.90176604504418    -0.136346601396451  1.57803235755372    
9.91198647272161    -0.120203544685356  1.58053413915929    
9.92220285755554    -0.104045530623119  1.58221045008655    
9.93241682207406    -0.0878784347930814 1.58306208347038    
9.94263002062866    -0.0717080615591512 1.58308994620069    
9.95284413783724    -0.055540153504284  1.58229504796365    
9.96306088726078    -0.0393804008429464 1.58067849138413    
9.97328201029945    -0.0232344507996651 1.57824146319106    
9.9835092752953     -0.007107916948409781.5749852263322     
9.99374447683025    0.00899361149023854 1.57091111296897    
10                  0.0188119185042482  1.56802157096535    
