TEST FOR QR-DECOMPOSITION WITH RANDOM SIZE MATRICES 

Matrix A (n=6, m=2):

         7          4 
         2          8 
         7          1 
         7          3 
         5          5 
         3          2 
R is upper triangular
Matrix R:

      13.6       7.57 
         0       7.85 
Matrix Q:

     0.515     0.0131 
     0.147      0.877 
     0.515     -0.369 
     0.515     -0.114 
     0.368      0.282 
     0.221      0.042 

Q.T * Q is equal I
Matrix Q.T*Q:

         1  -1.67e-16 
 -1.67e-16          1 

A is equal to Q*R
Matrix Q*R:

         7          4 
         2          8 
         7          1 
         7          3 
         5          5 
         3          2 
------------------------------------------------------------------


------------------------------------------------------------------
TEST FOR SQUARE MATRIX 

Matrix A (n = 5):

         1          7          4          6          5 
         5          6          0          7          7 
         6          0          3          6          3 
         6          5          3          3          7 
         0          3          3          1          3 

Vector b:
     0.734       0.57      0.916      0.835     0.0977 

Vector x:
     0.227      0.197     0.0914    0.00968     -0.259 

A*x is equal to b
Vector Ax:
     0.734       0.57      0.916      0.835     0.0977 

Matrix A^-1:

     0.198     -0.216    -0.0144      0.328     -0.578 
     0.418     -0.237     -0.182       0.31     -0.685 
    0.0905     -0.185     0.0876     0.0517     0.0733 
    0.0129      0.116      0.108     -0.207     0.0819 
    -0.513      0.384     0.0589     -0.293      0.918 

Matrix A*A^-1 is equal to I
Matrix A*A^-1

         1   2.22e-16   3.33e-16   2.22e-16          0 
  4.44e-16          1  -2.22e-16          0  -1.78e-15 
 -6.66e-16          0          1   2.22e-16  -8.88e-16 
         0   4.44e-16   1.67e-16          1          0 
 -4.44e-16  -1.11e-15     -5e-16  -9.99e-16          1 


         1          0          0          0          0 
         0          1          0          0          0 
         0          0          1          0          0 
         0          0          0          1          0 
         0          0          0          0          1 
------------------------------------------------------------------
